34533000000.0,44659000000.0,2353000000.0,9222000000.0,12971000000.0,-9760000000.0,-500000000.0,7070000000.0,-3316000000.0,1874000000.0,15400000000.0,32136000000.0,176.419998,190.539993,235.639999,178.050003,146.820007,164.059998,321.859985,249.919998,268.769989,225.240005,201.020004,205.429993,174.789993
26652000000.0,36500000000.0,2853000000.0,7244000000.0,13709000000.0,-2912000000.0,-200000000.0,6439000000.0,-3193000000.0,1816000000.0,16110000000.0,32765000000.0,190.539993,235.639999,178.050003,146.820007,164.059998,138.130005,249.919998,268.769989,225.240005,201.020004,205.429993,182.919998,174.789993
26365000000.0,37987000000.0,3053000000.0,7687000000.0,14277000000.0,-1886000000.0,655000000.0,6240000000.0,-2803000000.0,1862000000.0,15688000000.0,31657000000.0,235.639999,178.050003,146.820007,164.059998,138.130005,94.779999,268.769989,225.240005,201.020004,205.429993,182.919998,146.059998,174.789993
1391200000.0,3058000000.0,374000000.0,766500000.0,1500400000.0,782400000.0,114300000.0,456200000.0,-149200000.0,0,1180700000.0,2992700000.0,47.639999,42.700001,61.529999,47.5,37.59,28.004999,321.859985,249.919998,268.769989,225.240005,201.020004,205.429993,54.82
1354500000.0,3071500000.0,259700000.0,785300000.0,1638500000.0,910900000.0,-86900000.0,448900000.0,-130100000.0,0,1305500000.0,3187900000.0,42.700001,61.529999,47.5,37.59,28.004999,26.66,249.919998,268.769989,225.240005,201.020004,205.429993,182.919998,54.82
1552500000.0,3197400000.0,346600000.0,793800000.0,1766900000.0,819500000.0,16200000.0,326400000.0,-96900000.0,0,1232400000.0,2996700000.0,61.529999,47.5,37.59,28.004999,26.66,16.1525,268.769989,225.240005,201.020004,205.429993,182.919998,146.059998,54.82
36586000000.0,67887000000.0,3860000000.0,10863000000.0,15667000000.0,-9132000000.0,16000000.0,6136000000.0,-2270000000.0,2412000000.0,18689000000.0,31904000000.0,86.860001,72.330002,58.790001,39.049999,42.93,44.900002,321.859985,249.919998,268.769989,225.240005,201.020004,205.429993,109.489998
36451000000.0,67173000000.0,3844000000.0,9012000000.0,14632000000.0,-11672000000.0,-5563000000.0,6300000000.0,-1974000000.0,2298000000.0,17882000000.0,30578000000.0,72.330002,58.790001,39.049999,42.93,44.900002,38.23,249.919998,268.769989,225.240005,201.020004,205.429993,182.919998,109.489998
45152000000.0,76250000000.0,9407000000.0,8912000000.0,20147000000.0,-14596000000.0,-9213000000.0,5570000000.0,-1849000000.0,2183000000.0,15900000000.0,27390000000.0,58.790001,39.049999,42.93,44.900002,38.23,32.049999,268.769989,225.240005,201.020004,205.429993,182.919998,146.059998,109.489998
97287000000.0,89115000000.0,39924000000.0,15585000000.0,49519000000.0,-42425000000.0,32635000000.0,13324000000.0,-6366000000.0,5377000000.0,25827000000.0,33266000000.0,88.540001,92.190002,98.410004,62.41,57.610001,65.889999,321.859985,249.919998,268.769989,225.240005,201.020004,205.429993,107.150002
67798000000.0,59352000000.0,7289000000.0,17239000000.0,16945000000.0,-45342000000.0,-2014000000.0,13427000000.0,-5580000000.0,5259000000.0,25035000000.0,32753000000.0,92.190002,98.410004,62.41,57.610001,65.889999,51.98,249.919998,268.769989,225.240005,201.020004,205.429993,182.919998,107.150002
65689000000.0,70786000000.0,9303000000.0,16641000000.0,21223000000.0,-38247000000.0,4203000000.0,9960000000.0,-4107000000.0,5007000000.0,21528000000.0,28216000000.0,98.410004,62.41,57.610001,65.889999,51.98,35.119999,268.769989,225.240005,201.020004,205.429993,182.919998,146.059998,107.150002
19579420000.0,37078593000.0,8415330000.0,12662590000.0,17749756000.0,9290716000.0,2288477000.0,8215152000.0,-2035198000.0,0,13976158000.0,44327039000.0,239.929993,195.75,169.5,130.100006,115.059998,94.43,349.309998,290.73999,289.809998,247.839996,217.389999,195.410004,336.559998
14962189000.0,29789880000.0,6126853000.0,11061896000.0,15450601000.0,8203458000.0,1065493000.0,6626953000.0,-1861725000.0,0,13314688000.0,43215013000.0,195.75,169.070007,130.759995,115.0,92.290001,81.120003,290.73999,290.309998,247.490005,217.380005,191.770004,200.610001,336.559998
13724495000.0,24449083000.0,5061360000.0,10151751000.0,13585559000.0,4981741000.0,934500000.0,6026691000.0,-1671072000.0,0,12493364000.0,40992534000.0,169.070007,130.759995,115.0,92.290001,81.120003,73.080002,290.309998,247.490005,217.380005,191.770004,200.610001,164.389999,336.559998
7040000000.0,19845000000.0,5794000000.0,2915000000.0,7292000000.0,2456000000.0,1569000000.0,1831000000.0,-283000000.0,998000000.0,4400000000.0,6489000000.0,59.419998,46.57,64.309998,36.639999,37.619999,20.129999,321.859985,249.919998,268.769989,225.240005,201.020004,205.429993,92.849998
6498000000.0,17890000000.0,4225000000.0,2642000000.0,6106000000.0,830000000.0,-491000000.0,1790000000.0,-259000000.0,1101000000.0,4983000000.0,7500000000.0,46.57,64.309998,36.639999,37.619999,20.129999,18.07,249.919998,268.769989,225.240005,201.020004,205.429993,182.919998,92.849998
9206000000.0,18668000000.0,4713000000.0,3663000000.0,6520000000.0,-1493000000.0,1458000000.0,2213000000.0,-226000000.0,1069000000.0,4516000000.0,7017000000.0,64.309998,36.639999,37.619999,20.129999,18.07,10.95,268.769989,225.240005,201.020004,205.429993,182.919998,146.059998,92.849998
24714000000.0,43997000000.0,852000000.0,13734000000.0,21347000000.0,13732000000.0,-853000000.0,-5452000000.0,-789000000.0,0,4147000000.0,64656000000.0,46.349998,40.970001,40.09,46.189999,35.84,52.02,321.859985,249.919998,268.769989,225.240005,201.020004,205.429993,50.41
21788000000.0,40833000000.0,1997000000.0,11776000000.0,20588000000.0,14940000000.0,1985000000.0,-4784000000.0,-758000000.0,0,4181000000.0,64341000000.0,40.970001,40.09,46.189999,35.84,52.02,42.990002,249.919998,268.769989,225.240005,201.020004,205.429993,182.919998,50.41
21588000000.0,39963000000.0,804000000.0,12570000000.0,19925000000.0,14395000000.0,297000000.0,-5966000000.0,-730000000.0,0,3518000000.0,60828000000.0,40.09,46.189999,35.84,52.02,42.990002,28.67,268.769989,225.240005,201.020004,205.429993,182.919998,146.059998,50.41
7699444000.0,11248525000.0,418665000.0,4477702000.0,5695543000.0,1847085000.0,-477862000.0,866909000.0,-17185000.0,0,4271101000.0,9709003000.0,159.119995,155.460007,99.709999,170.419998,152.199997,161.220001,321.079987,247.75,267.869995,224.399994,207.399994,208.720001,157.339996
5489835000.0,9040648000.0,896527000.0,3885950000.0,6082454000.0,2009983000.0,349590000.0,811028000.0,-17819000.0,0,4219413000.0,9580554000.0,157.460007,99.690002,170.279999,151.399994,160.029999,109.629997,249.919998,266.859985,224.350006,205.929993,207.600006,183.820007,157.339996
5067105000.0,8482301000.0,546937000.0,3480097000.0,5426892000.0,1823229000.0,411759000.0,600805000.0,-17854000.0,0,4085049000.0,9373784000.0,106.089996,169.119995,150.509995,159.279999,110.68,72.349998,268.769989,223.529999,203.869995,205.539993,184.690002,142.410004,157.339996
28359000000.0,33648000000.0,1029000000.0,5096000000.0,5231000000.0,1468000000.0,-431000000.0,2466000000.0,-362000000.0,0,2349000000.0,10189000000.0,19.9,14.46,10.88,11.66,9.43,13.7,321.859985,249.919998,268.769989,225.240005,201.020004,205.429993,23.5
26857000000.0,32521000000.0,1166000000.0,4399000000.0,5015000000.0,1713000000.0,215000000.0,2343000000.0,-344000000.0,0,2574000000.0,10736000000.0,14.46,10.88,11.66,9.43,13.7,14.27,249.919998,268.769989,225.240005,201.020004,205.429993,182.919998,23.5
28207000000.0,33112000000.0,949000000.0,6028000000.0,6398000000.0,-320000000.0,-172000000.0,2504000000.0,-317000000.0,0,2487000000.0,10530000000.0,10.88,11.66,9.43,13.7,14.27,11.0,268.769989,225.240005,201.020004,205.429993,182.919998,146.059998,23.5
123809000000.0,152768000000.0,4896000000.0,17082000000.0,8576000000.0,28959000000.0,559000000.0,5455000000.0,-771000000.0,0,7762000000.0,22307000000.0,52.900002,45.560001,43.985001,34.884998,29.59,30.540001,321.859985,249.919998,268.769989,225.240005,201.020004,205.429993,44.470001
116944000000.0,140406000000.0,4337000000.0,15133000000.0,7471000000.0,23462000000.0,846000000.0,6014000000.0,-793000000.0,0,7193000000.0,21758000000.0,45.560001,43.985001,34.884998,29.59,30.540001,32.98,249.919998,268.769989,225.240005,201.020004,205.429993,182.919998,44.470001
112619000000.0,137217000000.0,3491000000.0,16176000000.0,6383000000.0,24598000000.0,-1368000000.0,6128000000.0,-661000000.0,0,7038000000.0,21667000000.0,43.985001,34.884998,29.59,30.540001,32.98,27.035,268.769989,225.240005,201.020004,205.429993,182.919998,146.059998,44.470001
4754000000.0,9627000000.0,1441000000.0,1467000000.0,3415000000.0,440000000.0,59000000.0,921000000.0,-222000000.0,398000000.0,2837000000.0,5339000000.0,105.239998,76.970001,65.220001,68.019997,43.490002,38.59,330.200012,306.140015,273.51001,257.48999,211.009995,210.389999,157.059998
4704000000.0,9452000000.0,1382000000.0,2080000000.0,3189000000.0,48000000.0,-866000000.0,1021000000.0,-206000000.0,404000000.0,2805000000.0,5163000000.0,75.75,64.790001,68.029999,43.57,38.59,40.84,303.329987,270.630005,257.149994,212.550003,210.389999,201.770004,157.059998
3970000000.0,8541000000.0,2247000000.0,1171000000.0,3848000000.0,1103000000.0,-432000000.0,1087000000.0,-191000000.0,387000000.0,2680000000.0,4914000000.0,64.790001,68.029999,43.57,38.59,40.84,36.552216,270.630005,257.149994,212.550003,210.389999,201.770004,176.210007,157.059998
12725400000.0,25168500000.0,5253000000.0,2416700000.0,8684900000.0,10752500000.0,3004300000.0,3264700000.0,-1103600000.0,83900000.0,2998200000.0,8856300000.0,297.859985,216.479996,169.429993,152.199997,140.570007,120.740059,334.890015,293.23999,291.730011,252.320007,215.779999,195.0,256.109985
7554500000.0,18942800000.0,2248700000.0,1820900000.0,4618300000.0,9837000000.0,-542600000.0,2969900000.0,-994000000.0,72900000.0,2943400000.0,8918900000.0,221.860001,169.429993,152.199997,139.074936,119.583717,117.002777,296.769989,291.730011,252.320007,216.300003,192.130005,194.350006,256.109985
8002000000.0,19178300000.0,2791300000.0,2338300000.0,5082200000.0,9630100000.0,-482300000.0,2534400000.0,-897800000.0,64500000.0,2740700000.0,8930200000.0,169.429993,152.199997,139.074936,119.583717,117.002777,99.084183,291.730011,252.320007,216.300003,192.130005,194.350006,169.339996,256.109985
8662000000.0,12993000000.0,221000000.0,3201000000.0,2037000000.0,2266000000.0,118000000.0,1722000000.0,-173000000.0,0,2491000000.0,8781000000.0,67.75,60.849998,75.010002,88.0,78.400002,60.330002,321.859985,249.919998,268.769989,225.240005,201.020004,205.429993,52.0
7161000000.0,10912000000.0,105000000.0,2942000000.0,1787000000.0,1681000000.0,-83000000.0,1195000000.0,-158000000.0,0,2089000000.0,8264000000.0,60.849998,75.010002,88.0,78.400002,60.330002,36.59,249.919998,268.769989,225.240005,201.020004,205.429993,182.919998,52.0
7286000000.0,10746000000.0,194000000.0,2686000000.0,2152000000.0,1384000000.0,-131000000.0,1590000000.0,-148000000.0,0,2626000000.0,7894000000.0,75.010002,88.0,78.400002,60.330002,36.59,21.969999,268.769989,225.240005,201.020004,205.429993,182.919998,146.059998,52.0
5767283000.0,9860863000.0,613110000.0,1408996000.0,2225109000.0,1998843000.0,57790000.0,719374000.0,-152204000.0,58287000.0,1259478000.0,3589427000.0,73.040001,77.07,131.529999,88.050003,55.549999,60.310001,321.859985,249.919998,268.769989,225.240005,201.020004,205.429993,147.520004
3822566000.0,7581674000.0,555320000.0,1183173000.0,1998421000.0,1632009000.0,-581983000.0,546165000.0,-144596000.0,70054000.0,1234756000.0,3374950000.0,77.07,131.529999,88.050003,55.549999,60.310001,63.139999,249.919998,268.769989,225.240005,201.020004,205.429993,182.919998,147.520004
3933076000.0,7750772000.0,1137303000.0,1200925000.0,2477563000.0,1642691000.0,-1132453000.0,303979000.0,-140557000.0,78630000.0,1145271000.0,3071976000.0,131.529999,88.050003,55.549999,60.310001,63.139999,64.300003,268.769989,225.240005,201.020004,205.429993,182.919998,146.059998,147.520004
8224025000.0,18390503000.0,189681000.0,325272000.0,977927000.0,8584176000.0,-29441000.0,683857000.0,-451170000.0,0,1095940000.0,1541432000.0,161.580002,115.239998,129.929993,110.580002,89.110001,89.790001,321.859985,249.919998,268.769989,225.240005,201.020004,205.429993,178.220001
6570242000.0,14464956000.0,234181000.0,325819000.0,881112000.0,7127289000.0,-5056000.0,570339000.0,-385839000.0,0,953881000.0,1335001000.0,115.239998,129.929993,110.580002,89.110001,89.790001,63.73,249.919998,268.769989,225.240005,201.020004,205.429993,182.919998,178.220001
5620784000.0,12103953000.0,254381000.0,442029000.0,787983000.0,5797617000.0,135820000.0,450882000.0,-321750000.0,0,803808000.0,1129417000.0,129.929993,110.580002,89.110001,89.790001,63.73,70.629997,268.769989,225.240005,201.020004,205.429993,182.919998,146.059998,178.220001
2206800000.0,2967200000.0,355300000.0,507000000.0,1001800000.0,-626800000.0,68100000.0,488200000.0,-100600000.0,0,1260600000.0,2854000000.0,124.540001,79.709999,79.910004,64.699997,64.529999,55.049999,321.859985,249.919998,268.769989,225.240005,201.020004,205.429993,116.379997
2156200000.0,2810200000.0,283800000.0,520800000.0,931600000.0,-779100000.0,-175600000.0,457800000.0,-79400000.0,0,1175000000.0,2731700000.0,79.709999,79.910004,64.699997,64.529999,55.049999,43.650002,249.919998,268.769989,225.240005,201.020004,205.429993,182.919998,116.379997
2136500000.0,2542000000.0,466200000.0,460800000.0,1032700000.0,-753900000.0,153800000.0,347200000.0,-60900000.0,0,1072900000.0,2408200000.0,79.910004,64.699997,64.529999,55.049999,43.650002,48.48,268.769989,225.240005,201.020004,205.429993,182.919998,146.059998,116.379997
11296000000.0,16701000000.0,16000000.0,2054000000.0,876000000.0,5205000000.0,-8000000.0,660000000.0,-337000000.0,0,1456000000.0,3648000000.0,54.720001,42.25,42.110001,37.93,31.139999,33.25,321.859985,249.919998,268.769989,225.240005,201.020004,205.429993,51.529999
10640300000.0,15426000000.0,20900000.0,1644100000.0,785100000.0,4585700000.0,-8000000.0,528000000.0,-312000000.0,0,1305000000.0,3534000000.0,42.25,42.110001,37.93,31.139999,33.25,25.389999,249.919998,268.769989,225.240005,201.020004,205.429993,182.919998,51.529999
9805600000.0,14187800000.0,27900000.0,2149000000.0,905100000.0,4182200000.0,20800000.0,521600000.0,-288300000.0,0,1238600000.0,3382200000.0,42.110001,37.93,31.139999,33.25,25.389999,22.57,268.769989,225.240005,201.020004,205.429993,182.919998,146.059998,51.529999
93952000000.0,119950000000.0,338000000.0,44491000000.0,21034000000.0,20724000000.0,-161000000.0,5129000000.0,-787000000.0,0,12487000000.0,44675000000.0,112.449997,82.629997,101.919998,74.169998,60.669998,70.120003,321.859985,249.919998,268.769989,225.240005,201.020004,205.429993,109.93
90937000000.0,112249000000.0,499000000.0,43209000000.0,19985000000.0,16139000000.0,-118000000.0,5175000000.0,-748000000.0,0,9188000000.0,39815000000.0,82.629997,101.919998,74.169998,60.669998,70.120003,53.549999,249.919998,268.769989,225.240005,201.020004,205.429993,182.919998,109.93
89871000000.0,112422000000.0,617000000.0,41036000000.0,17982000000.0,18068000000.0,181000000.0,4314000000.0,-641000000.0,0,10163000000.0,39407000000.0,101.919998,74.169998,60.669998,70.120003,53.549999,41.16,268.769989,225.240005,201.020004,205.429993,182.919998,146.059998,109.93
42914000000.0,49271000000.0,2117000000.0,8174000000.0,4824000000.0,-11642000000.0,727000000.0,7837000000.0,-6069000000.0,0,12713000000.0,19796000000.0,49.91,49.389999,70.739998,67.629997,57.389999,48.970001,321.859985,249.919998,268.769989,225.240005,201.020004,205.429993,41.0
40631000000.0,55459000000.0,1333000000.0,21193000000.0,4299000000.0,-2688000000.0,119000000.0,8391000000.0,-5415000000.0,0,12176000000.0,19627000000.0,49.389999,70.739998,67.629997,57.389999,48.970001,37.900002,249.919998,268.769989,225.240005,201.020004,205.429993,182.919998,41.0
27784000000.0,43202000000.0,1253000000.0,6792000000.0,4344000000.0,-2330000000.0,-3337000000.0,4901000000.0,-4807000000.0,0,12003000000.0,19494000000.0,70.739998,67.629997,57.389999,48.970001,37.900002,32.540001,268.769989,225.240005,201.020004,205.429993,182.919998,146.059998,41.0
11755000000.0,16442000000.0,743000000.0,3974000000.0,4535000000.0,-2707000000.0,141000000.0,1384000000.0,-748000000.0,97000000.0,2591000000.0,12468000000.0,10.21,11.43,10.5,12.43,11.1,10.61,308.359985,295.660004,271.859985,242.210007,209.919998,207.309998,11.46
11490300000.0,17165000000.0,601600000.0,4541800000.0,5210100000.0,-1853800000.0,-19000000.0,776000000.0,-666000000.0,64000000.0,1799000000.0,9458000000.0,11.43,10.5,12.43,11.18,10.61,9.85,295.660004,271.859985,241.800003,209.479996,207.5,197.029999,11.46
8362100000.0,9057500000.0,620800000.0,5055200000.0,3620300000.0,-1754800000.0,59300000.0,871400000.0,-515500000.0,72700000.0,1856800000.0,9319100000.0,10.5,12.43,11.18,10.61,9.85,9.24,271.859985,241.800003,209.479996,207.5,197.029999,161.360001,11.46
20732000000.0,28933000000.0,16000000.0,2505000000.0,1431000000.0,7648000000.0,69000000.0,2170000000.0,-472000000.0,0,2743000000.0,5646000000.0,76.800003,65.230003,58.389999,52.380001,43.029999,45.990002,321.859985,249.919998,268.769989,225.240005,201.020004,205.429993,78.059998
19442000000.0,27215000000.0,16000000.0,2687000000.0,1533000000.0,7220000000.0,39000000.0,2170000000.0,-451000000.0,0,2795000000.0,6009000000.0,65.230003,58.389999,52.380001,43.029999,45.990002,35.529999,249.919998,268.769989,225.240005,201.020004,205.429993,182.919998,78.059998
18619000000.0,25945000000.0,10000000.0,2940000000.0,1612000000.0,6773000000.0,16000000.0,2118000000.0,-431000000.0,0,2783000000.0,5909000000.0,58.389999,52.380001,43.029999,45.990002,35.529999,31.32,268.769989,225.240005,201.020004,205.429993,182.919998,146.059998,78.059998
60113000000.0,59995000000.0,280000000.0,18311000000.0,8206000000.0,-6293000000.0,4000000.0,3815000000.0,-178000000.0,0,12560000000.0,45768000000.0,28.68,32.110001,52.990002,46.299999,40.91,53.91,321.859985,249.919998,268.769989,225.240005,201.020004,205.429993,15.77
60749000000.0,60580000000.0,275000000.0,18096000000.0,8637000000.0,-6397000000.0,-112000000.0,3533000000.0,-186000000.0,0,12204000000.0,44541000000.0,32.110001,52.990002,46.299999,40.91,53.91,25.360001,249.919998,268.769989,225.240005,201.020004,205.429993,182.919998,15.77
53565000000.0,52785000000.0,295000000.0,15358000000.0,9146000000.0,-7074000000.0,-37000000.0,4744000000.0,-198000000.0,0,13192000000.0,42622000000.0,52.990002,46.299999,40.91,53.91,25.360001,13.98,268.769989,225.240005,201.020004,205.429993,182.919998,146.059998,15.77
55913400000.0,75892300000.0,246800000.0,10299100000.0,4077800000.0,19579700000.0,-11500000.0,4270100000.0,-1345500000.0,0,6497700000.0,15561400000.0,94.510002,74.739998,72.410004,62.759998,58.330002,61.150002,321.859985,249.919998,268.769989,225.240005,201.020004,205.429993,83.269997
49674000000.0,68802800000.0,234100000.0,8648800000.0,4113900000.0,18975900000.0,31500000.0,5223200000.0,-1251100000.0,0,6182600000.0,16195700000.0,74.739998,72.410004,62.759998,58.330002,61.150002,46.130001,249.919998,268.769989,225.240005,201.020004,205.429993,182.919998,83.269997
46415500000.0,64729100000.0,214600000.0,8271300000.0,4253100000.0,18234500000.0,9100000.0,4270400000.0,-1178300000.0,0,6442300000.0,15424900000.0,72.410004,62.759998,58.330002,61.150002,46.130001,43.650002,268.769989,225.240005,201.020004,205.429993,182.919998,146.059998,83.269997
175250000000.0,198321000000.0,23845000000.0,97509000000.0,170932000000.0,19489000000.0,-3362000000.0,13632000000.0,-1422000000.0,0,27321000000.0,39983000000.0,124.489998,95.32,98.940002,75.349998,67.589996,93.019997,321.859985,249.919998,268.769989,225.240005,201.020004,205.429993,120.910004
166312000000.0,188602000000.0,27381000000.0,89637000000.0,166920000000.0,18943000000.0,-5455000000.0,8930000000.0,-1324000000.0,0,25513000000.0,36986000000.0,95.32,98.940002,75.349998,67.589996,93.019997,89.449997,249.919998,268.769989,225.240005,201.020004,205.429993,182.919998,120.910004
162935000000.0,181196000000.0,32879000000.0,93323000000.0,165106000000.0,14353000000.0,7769000000.0,13540000000.0,-1251000000.0,0,23793000000.0,33872000000.0,98.940002,75.349998,67.589996,93.019997,89.449997,58.75,268.769989,225.240005,201.020004,205.429993,182.919998,146.059998,120.910004
457637000000.0,525064000000.0,2856000000.0,104531000000.0,67707000000.0,60819000000.0,-71000000.0,-1807000000.0,-1136000000.0,0,15119000000.0,49517000000.0,51.330002,39.41,59.5,65.120003,60.43,56.110001,321.859985,249.919998,268.769989,225.240005,201.020004,205.429993,37.860001
434675000000.0,491984000000.0,2873000000.0,108220000000.0,65377000000.0,51919000000.0,621000000.0,-394000000.0,-1138000000.0,0,11038000000.0,47590000000.0,39.41,59.5,65.120003,60.43,56.110001,50.709999,249.919998,268.769989,225.240005,201.020004,205.429993,182.919998,37.860001
432593000000.0,498301000000.0,2362000000.0,102570000000.0,59615000000.0,63471000000.0,630000000.0,-7818000000.0,-1172000000.0,0,11596000000.0,49448000000.0,59.5,65.120003,60.43,56.110001,50.709999,36.48,268.769989,225.240005,201.020004,205.429993,182.919998,146.059998,37.860001
36214700000.0,42801600000.0,1501200000.0,5487700000.0,2553800000.0,-13441300000.0,273100000.0,3752600000.0,-1603000000.0,0,5363500000.0,7580300000.0,229.820007,158.190002,141.130005,106.150002,96.699997,99.669998,321.859985,249.919998,268.769989,225.240005,201.020004,205.429993,224.460007
26106000000.0,33010400000.0,1208700000.0,4689900000.0,2385100000.0,-11340100000.0,350000000.0,3748300000.0,-1342400000.0,0,5262300000.0,7440100000.0,158.190002,141.130005,106.150002,96.699997,99.669998,79.449997,249.919998,268.769989,225.240005,201.020004,205.429993,182.919998,224.460007
25260000000.0,33214300000.0,802100000.0,2512100000.0,2037100000.0,-11180200000.0,18400000.0,2925600000.0,-1164400000.0,0,4607300000.0,6663900000.0,141.130005,106.150002,96.699997,99.669998,79.449997,79.050003,268.769989,225.240005,201.020004,205.429993,182.919998,146.059998,224.460007
16561000000.0,22682000000.0,60000000.0,2045000000.0,1285000000.0,4553000000.0,-68000000.0,1383000000.0,-353000000.0,0,2066000000.0,3610000000.0,122.849998,90.769997,89.080002,72.25,60.32,53.939999,321.859985,249.919998,268.769989,225.240005,201.020004,205.429993,153.470001
15359000000.0,21223000000.0,130000000.0,2094000000.0,781000000.0,4205000000.0,76000000.0,1386000000.0,-319000000.0,0,1961000000.0,3440000000.0,90.769997,89.080002,72.25,60.32,53.939999,41.580002,249.919998,268.769989,225.240005,201.020004,205.429993,182.919998,153.470001
14097000000.0,19482000000.0,55000000.0,2325000000.0,720000000.0,3997000000.0,-16000000.0,1449000000.0,-289000000.0,0,1988000000.0,3357000000.0,89.080002,72.25,60.32,53.939999,41.580002,38.0,268.769989,225.240005,201.020004,205.429993,182.919998,146.059998,153.470001
146099000000.0,151828000000.0,3709000000.0,7404000000.0,17784000000.0,3739000000.0,330000000.0,2341000000.0,-504000000.0,0,6318000000.0,12883000000.0,166.580002,104.370003,169.910004,111.849998,104.25,132.089996,321.859985,249.919998,268.769989,225.240005,201.020004,205.429993,194.330002
131628000000.0,137216000000.0,2931000000.0,5680000000.0,14766000000.0,5588000000.0,739000000.0,2597000000.0,-506000000.0,0,6663000000.0,12924000000.0,104.370003,169.910004,111.849998,104.25,132.089996,113.879997,249.919998,268.769989,225.240005,201.020004,205.429993,182.919998,194.330002
141485000000.0,147480000000.0,2484000000.0,6082000000.0,15117000000.0,5995000000.0,-398000000.0,1523000000.0,-491000000.0,0,6283000000.0,12180000000.0,169.910004,111.849998,104.25,132.089996,113.879997,65.279999,268.769989,225.240005,201.020004,205.429993,182.919998,146.059998,194.330002
36178774000.0,39171980000.0,3374194000.0,29581294000.0,28132054000.0,-6121426000.0,881678000.0,2344023000.0,-338974000.0,0,4992440000.0,179589121000.0,82.330002,92.790001,83.300003,80.779999,94.510002,76.690002,296.769989,291.730011,252.320007,216.300003,192.130005,194.350006,96.919998
34619877000.0,37669838000.0,2492516000.0,27869687000.0,25894372000.0,-6679276000.0,57401000.0,1411388000.0,-333041000.0,0,4576379000.0,167939635000.0,92.790001,83.300003,80.779999,94.510002,76.690002,62.48,291.730011,252.320007,216.300003,192.130005,194.350006,169.339996,96.919998
33252009000.0,35316470000.0,2435115000.0,26818165000.0,24303299000.0,-6813101000.0,-306717000.0,1504138000.0,-320270000.0,0,4544607000.0,153143826000.0,83.300003,80.779999,94.510002,76.690002,62.48,38.990002,252.320007,216.300003,192.130005,194.350006,169.339996,144.350006,96.919998
4729067000.0,9844559000.0,393030000.0,1425858000.0,2025771000.0,-1694919000.0,39055000.0,1114422000.0,-127496000.0,0,1787660000.0,5158557000.0,99.739998,67.699997,72.75,49.220001,52.650002,52.619999,321.859985,249.919998,268.769989,225.240005,201.020004,205.429993,120.940002
4420366000.0,8662288000.0,353975000.0,1258704000.0,1836144000.0,-1773882000.0,-292325000.0,925518000.0,-128911000.0,0,1659562000.0,4845872000.0,67.699997,72.75,49.220001,52.650002,52.619999,52.09,249.919998,268.769989,225.240005,201.020004,205.429993,182.919998,120.940002
3768431000.0,7796064000.0,646300000.0,1138663000.0,1934655000.0,-1101351000.0,-70959000.0,833259000.0,-82735000.0,0,1438800000.0,4300170000.0,72.75,49.220001,52.650002,52.619999,52.09,38.650002,268.769989,225.240005,201.020004,205.429993,182.919998,146.059998,120.940002
50034000000.0,59707000000.0,6037000000.0,12835000000.0,18440000000.0,-24443000000.0,-908000000.0,9150000000.0,-3509000000.0,4116000000.0,19006000000.0,23362000000.0,241.070007,194.669998,177.0,150.729996,158.339996,159.889999,321.859985,249.919998,268.769989,225.240005,201.020004,205.429993,229.919998
53916000000.0,66416000000.0,6945000000.0,13488000000.0,37618000000.0,-9642000000.0,3145000000.0,11296000000.0,-3507000000.0,3737000000.0,19646000000.0,23747000000.0,194.669998,177.0,150.729996,158.339996,159.889999,115.800003,249.919998,268.769989,225.240005,201.020004,205.429993,182.919998,229.919998
54713000000.0,79954000000.0,3800000000.0,9020000000.0,49476000000.0,1871000000.0,559000000.0,11177000000.0,-3365000000.0,3562000000.0,18780000000.0,22849000000.0,177.0,150.729996,158.339996,159.889999,115.800003,89.150002,268.769989,225.240005,201.020004,205.429993,182.919998,146.059998,229.919998
6219300000.0,10815500000.0,891200000.0,2132700000.0,4211200000.0,-778800000.0,-388100000.0,1502300000.0,-279500000.0,234200000.0,2616000000.0,8225400000.0,54.115002,40.509998,43.900002,33.715,25.434999,26.82,321.859985,249.919998,268.769989,225.240005,201.020004,205.429993,65.385002
5980700000.0,10044900000.0,1279300000.0,2451300000.0,4571600000.0,-484100000.0,-439800000.0,1112700000.0,-253700000.0,220900000.0,2654900000.0,8202000000.0,40.509998,43.900002,33.715,25.434999,26.82,21.934999,249.919998,268.769989,225.240005,201.020004,205.429993,182.919998,65.385002
5960500000.0,10003900000.0,1719100000.0,1579400000.0,4656000000.0,-494400000.0,684500000.0,1144200000.0,-205000000.0,193700000.0,2309900000.0,7011300000.0,43.900002,33.715,25.434999,26.82,21.934999,17.02,268.769989,225.240005,201.020004,205.429993,182.919998,146.059998,65.385002
9683453000.0,21392641000.0,648322000.0,1508632000.0,1985126000.0,-4764916000.0,-168269000.0,2253100000.0,-777481000.0,1130348000.0,4013750000.0,5991065000.0,111.389999,87.18,90.790001,63.66,60.66,49.720001,307.369995,271.890015,257.589996,209.740005,211.0,201.770004,118.480003
9170193000.0,20438366000.0,816591000.0,1051748000.0,2112126000.0,-5762623000.0,-231247000.0,2442361000.0,-703307000.0,1165047000.0,4250396000.0,6224689000.0,86.379997,91.809998,63.849998,60.490002,49.450001,49.16,273.390015,258.450012,208.779999,210.360001,201.070007,176.830002,118.480003
10979754000.0,21141294000.0,1047838000.0,1596332000.0,2351338000.0,-7375340000.0,126706000.0,1154365000.0,-602119000.0,968133000.0,3526959000.0,5246354000.0,91.32,63.529999,59.98,47.310001,49.169998,39.119999,256.75,212.539993,208.830002,198.110001,177.169998,141.350006,118.480003
45725000000.0,77453000000.0,4937000000.0,23532000000.0,39033000000.0,2554000000.0,1003000000.0,6061000000.0,-818000000.0,0,22426000000.0,104212000000.0,302.029999,262.630005,226.0,143.240005,139.210007,125.459999,321.859985,249.919998,268.769989,225.240005,201.020004,205.429993,321.089996
43030000000.0,71571000000.0,3934000000.0,21965000000.0,34321000000.0,-970000000.0,325000000.0,3827000000.0,-776000000.0,0,20196000000.0,92091000000.0,262.630005,226.0,143.240005,139.210007,125.459999,90.629997,249.919998,268.769989,225.240005,201.020004,205.429993,182.919998,321.089996
44037000000.0,70540000000.0,3609000000.0,23356000000.0,36263000000.0,-1096000000.0,-466000000.0,4185000000.0,-705000000.0,0,17813000000.0,90049000000.0,226.0,143.240005,139.210007,125.459999,90.629997,60.919998,268.769989,225.240005,201.020004,205.429993,182.919998,146.059998,321.089996
25956000000.0,29405000000.0,735500000.0,15571000000.0,16476000000.0,-5573000000.0,134000000.0,1835000000.0,-410000000.0,0,4968000000.0,11013000000.0,208.289993,145.360001,131.490005,112.080002,90.709999,94.330002,321.859985,249.919998,268.769989,225.240005,201.020004,205.429993,211.270004
22203000000.0,26422000000.0,618900000.0,13296000000.0,14372000000.0,-5169000000.0,-100000000.0,1686000000.0,-382000000.0,0,4668000000.0,10770000000.0,145.360001,131.490005,112.080002,90.709999,94.330002,82.360001,249.919998,268.769989,225.240005,201.020004,205.429993,182.919998,211.270004
21440000000.0,26088000000.0,717100000.0,12755000000.0,13677000000.0,-5508000000.0,325000000.0,734000000.0,-364000000.0,0,4208000000.0,9998000000.0,131.490005,112.080002,90.709999,94.330002,82.360001,57.43,268.769989,225.240005,201.020004,205.429993,182.919998,146.059998,211.270004
12984000000.0,18107000000.0,247000000.0,1855000000.0,1961000000.0,3168000000.0,-467000000.0,2867000000.0,-376000000.0,0,4629000000.0,6354000000.0,25.59,26.25,44.299999,63.779999,44.43,63.830002,321.859985,249.919998,268.769989,225.240005,201.020004,205.429993,14.19
12770000000.0,21582000000.0,714000000.0,2201000000.0,2687000000.0,7130000000.0,-954000000.0,3777000000.0,-382000000.0,0,5627000000.0,7555000000.0,26.25,44.299999,63.779999,44.43,63.830002,85.480003,249.919998,268.769989,225.240005,201.020004,205.429993,182.919998,14.19
13131000000.0,21922000000.0,1668000000.0,2564000000.0,3725000000.0,7416000000.0,291000000.0,2428000000.0,-380000000.0,0,4363000000.0,5792000000.0,44.299999,63.779999,44.43,63.830002,85.480003,80.739998,268.769989,225.240005,201.020004,205.429993,182.919998,146.059998,14.19
248028000000.0,338516000000.0,48844000000.0,105718000000.0,162819000000.0,90488000000.0,24311000000.0,69391000000.0,-14119000000.0,16217000000.0,98392000000.0,260174000000.0,55.9925,56.435001,38.32,28.487499,27.264999,25.0275,296.769989,290.720001,250.350006,216.639999,188.119995,197.539993,114.959999
258578000000.0,365725000000.0,25913000000.0,115929000000.0,131339000000.0,107147000000.0,5624000000.0,77434000000.0,-13712000000.0,14236000000.0,101839000000.0,265595000000.0,56.814999,38.529999,28.045,27.575001,25.1875,17.026787,291.730011,251.229996,214.679993,191.630005,197.020004,168.009995,114.959999
241272000000.0,375319000000.0,20289000000.0,100814000000.0,128645000000.0,134047000000.0,-195000000.0,64225000000.0,-12769000000.0,11581000000.0,88186000000.0,229234000000.0,38.452499,28.262501,27.395,24.795,17.427143,23.549643,252.320007,216.300003,192.130005,194.350006,169.339996,144.350006,114.959999
10810000000.0,19024000000.0,3129000000.0,4447000000.0,10206000000.0,4659000000.0,-311000000.0,3247000000.0,-771000000.0,2054000000.0,6386000000.0,14608000000.0,56.950001,31.120001,56.689999,28.860001,16.540001,21.25,303.299988,263.859985,257.709991,213.169998,208.949997,198.410004,59.509998
10788000000.0,17633000000.0,3440000000.0,3922000000.0,10604000000.0,3264000000.0,-1570000000.0,3787000000.0,-605000000.0,2022000000.0,7517000000.0,16705000000.0,31.120001,55.900002,28.66,16.74,21.48,18.01,263.859985,256.75,212.539993,208.830002,198.110001,177.169998,59.509998
10070000000.0,19419000000.0,5010000000.0,4115000000.0,12918000000.0,5569000000.0,1604000000.0,3789000000.0,-430000000.0,1781000000.0,6612000000.0,14698000000.0,55.900002,29.08,16.77,21.34,17.879999,10.6,256.75,212.550003,207.929993,199.380005,176.289993,141.350006,59.509998
9448000000.0,13459000000.0,412000000.0,4054000000.0,5319000000.0,226000000.0,-139000000.0,1624000000.0,-226000000.0,0,2763000000.0,14357000000.0,94.970001,61.57,86.110001,56.613579,70.402344,60.846603,321.859985,249.919998,268.769989,225.240005,201.020004,205.429993,130.289993
8810000000.0,12480000000.0,567000000.0,3694000000.0,4777000000.0,-445000000.0,-1029000000.0,1628000000.0,-233000000.0,0,2733000000.0,14435000000.0,61.57,86.110001,56.613579,70.402344,60.846603,49.807209,249.919998,268.769989,225.240005,201.020004,205.429993,182.919998,130.289993
8652000000.0,12169000000.0,1596000000.0,3540000000.0,5641000000.0,136000000.0,758000000.0,1468000000.0,-310000000.0,0,2623000000.0,12884000000.0,86.110001,56.613579,70.402344,60.846603,49.807209,32.590111,268.769989,225.240005,201.020004,205.429993,182.919998,146.059998,130.289993
14419300000.0,19634800000.0,604800000.0,8921000000.0,9117500000.0,-2781700000.0,387100000.0,1119200000.0,-321100000.0,0,2275100000.0,6897100000.0,95.230003,73.699997,62.169998,52.240002,40.200001,46.98,321.859985,249.919998,268.769989,225.240005,201.020004,205.429993,123.709999
11764300000.0,16334000000.0,607200000.0,7693600000.0,8118700000.0,-1899700000.0,-68200000.0,765100000.0,-301800000.0,0,1868900000.0,6711200000.0,73.699997,62.169998,52.240002,40.200001,46.98,46.150002,249.919998,268.769989,225.240005,201.020004,205.429993,182.919998,123.709999
10610000000.0,14909700000.0,681200000.0,6730200000.0,7269400000.0,-1573800000.0,367400000.0,854200000.0,-282700000.0,0,1706600000.0,6050900000.0,62.169998,52.240002,40.200001,46.98,46.150002,35.5,268.769989,225.240005,201.020004,205.429993,182.919998,146.059998,123.709999
38609100000.0,44291200000.0,1900000000.0,23090200000.0,13749100000.0,2766300000.0,613100000.0,1413400000.0,-170000000.0,0,989600000.0,9923800000.0,131.080002,89.440002,99.230003,94.120003,78.519997,67.769997,321.859985,249.919998,268.769989,225.240005,201.020004,205.429993,136.220001
35955400000.0,41089300000.0,1316600000.0,21542000000.0,12671400000.0,2164900000.0,257200000.0,656700000.0,-148000000.0,0,824600000.0,8057600000.0,89.440002,99.230003,94.120003,78.519997,67.769997,65.32,249.919998,268.769989,225.240005,201.020004,205.429993,182.919998,136.220001
27561500000.0,31843000000.0,1066600000.0,13900400000.0,12631600000.0,3064300000.0,-35200000.0,530400000.0,-119000000.0,0,707500000.0,6415000000.0,99.230003,94.120003,78.519997,67.769997,65.32,35.48,268.769989,225.240005,201.020004,205.429993,182.919998,146.059998,136.220001
349735000000.0,551669000000.0,12130000000.0,68911000000.0,54761000000.0,-119637000000.0,6895000000.0,48668000000.0,-14888000000.0,0,97052000000.0,181193000000.0,39.080002,28.540001,38.540001,43.02,34.349998,33.869999,321.859985,249.919998,268.769989,225.240005,201.020004,205.429993,28.76
337980000000.0,531864000000.0,5204000000.0,64420000000.0,51427000000.0,-126108000000.0,-45532000000.0,43602000000.0,-13410000000.0,0,91337000000.0,170756000000.0,28.540001,38.540001,43.02,34.349998,33.869999,34.950001,249.919998,268.769989,225.240005,201.020004,205.429993,182.919998,28.76
302090000000.0,444097000000.0,50498000000.0,81389000000.0,79146000000.0,-78864000000.0,44997000000.0,38010000000.0,-12038000000.0,0,82736000000.0,160546000000.0,38.540001,43.02,34.349998,33.869999,34.950001,35.0,268.769989,225.240005,201.020004,205.429993,182.919998,146.059998,28.76
7617396000.0,13367619000.0,24550000.0,1209440000.0,458031000.0,5019517000.0,10779000.0,968769000.0,-245717000.0,0,1412703000.0,2901848000.0,113.889999,92.75,84.669998,74.470001,57.82,47.450001,296.769989,291.730011,252.320007,216.300003,192.130005,194.350006,95.589996
7104486000.0,11874437000.0,13771000.0,1915131000.0,478853000.0,4039532000.0,-12638000.0,1124662000.0,-214906000.0,0,1352903000.0,3115546000.0,92.75,84.669998,74.470001,57.82,47.450001,42.639999,291.730011,252.320007,216.300003,192.130005,194.350006,169.339996,95.589996
6850930000.0,10749596000.0,26409000.0,1013443000.0,539646000.0,3168534000.0,-21125000.0,867090000.0,-191931000.0,0,1295483000.0,2759735000.0,84.669998,74.470001,57.82,47.450001,42.639999,35.310001,252.320007,216.300003,192.130005,194.350006,169.339996,144.350006,95.589996
33413300000.0,39165500000.0,1908500000.0,30126600000.0,31564100000.0,2227000000.0,257400000.0,3026200000.0,-1470500000.0,0,6511600000.0,14589800000.0,148.889999,166.389999,134.860001,102.419998,92.75,80.830002,308.359985,295.660004,271.859985,242.210007,209.919998,207.309998,198.619995
36487800000.0,41887700000.0,1949200000.0,32627700000.0,34342300000.0,2005400000.0,254100000.0,2688300000.0,-1293000000.0,0,6393000000.0,14110200000.0,166.389999,134.860001,102.459999,91.870003,80.889999,70.561897,295.660004,271.859985,241.800003,209.479996,207.5,197.029999,198.619995
34113200000.0,38849100000.0,2170000000.0,30412700000.0,31823300000.0,1606000000.0,-1639500000.0,2515200000.0,-1063700000.0,0,5791300000.0,13274200000.0,134.860001,102.459999,91.870003,80.889999,70.561897,60.974541,271.859985,241.800003,209.479996,207.5,197.029999,161.360001,198.619995
8127601000.0,19121051000.0,39687000.0,629091000.0,315565000.0,10989549000.0,-90250000.0,1321804000.0,-839646000.0,0,1559289000.0,2327490000.0,209.699997,174.050003,177.240005,176.619995,180.720001,165.809998,321.859985,249.919998,268.769989,225.240005,201.020004,205.429993,160.429993
7744350000.0,18380200000.0,91659000.0,645672000.0,371005000.0,10632606000.0,15958000.0,1301111000.0,-805239000.0,0,1523717000.0,2289150000.0,174.050003,177.240005,176.619995,180.720001,165.809998,118.239998,249.919998,268.769989,225.240005,201.020004,205.429993,182.919998,160.429993
8020719000.0,18414821000.0,67088000.0,632776000.0,442614000.0,10388046000.0,-128071000.0,1256257000.0,-772657000.0,0,1466597000.0,2189262000.0,177.240005,176.619995,180.720001,165.809998,118.239998,136.029999,268.769989,225.240005,201.020004,205.429993,182.919998,146.059998,160.429993
4284800000.0,5488800000.0,253700000.0,2253800000.0,2340600000.0,-6100000.0,21700000.0,746500000.0,-189700000.0,92600000.0,1904100000.0,7070100000.0,130.979996,88.830002,115.57,70.790001,63.59,52.669998,321.079987,247.75,267.869995,224.399994,207.399994,208.720001,151.899994
4222400000.0,5177500000.0,232000000.0,1994000000.0,2298000000.0,-266200000.0,7600000.0,457900000.0,-175000000.0,98200000.0,1915500000.0,7159000000.0,89.830002,114.860001,70.620003,63.34,52.639999,50.209999,249.919998,266.859985,224.350006,205.929993,207.600006,183.820007,151.899994
4090700000.0,5136900000.0,224400000.0,1971800000.0,2237900000.0,-232300000.0,29300000.0,645700000.0,-155500000.0,93400000.0,1812200000.0,6613800000.0,115.68,70.220001,62.66,51.880001,50.189999,34.919998,268.769989,223.529999,203.869995,205.539993,184.690002,142.410004,151.899994
18870000000.0,53369000000.0,3249000000.0,10014000000.0,15222000000.0,-4142000000.0,-474000000.0,2126000000.0,-395000000.0,0,4432000000.0,23838000000.0,25.629999,21.5,32.23,65.029999,47.25,56.169998,321.859985,249.919998,268.769989,225.240005,201.020004,205.429993,20.85
17426000000.0,52439000000.0,3723000000.0,9020000000.0,14971000000.0,-8971000000.0,-3307000000.0,1762000000.0,-315000000.0,0,3986000000.0,22877000000.0,21.5,32.23,65.029999,47.25,56.169998,54.07,249.919998,268.769989,225.240005,201.020004,205.429993,182.919998,20.85
18090000000.0,56500000000.0,7023000000.0,9227000000.0,18424000000.0,-12008000000.0,6049000000.0,-799000000.0,-155000000.0,0,3123000000.0,17179000000.0,32.23,65.029999,47.25,56.169998,54.07,42.130001,268.769989,225.240005,201.020004,205.429993,182.919998,146.059998,20.85
14341000000.0,17360000000.0,1798000000.0,5577000000.0,4884000000.0,-3472000000.0,1078000000.0,1548000000.0,-182000000.0,0,2271000000.0,11474000000.0,64.669998,45.98,38.630001,37.875,36.055,34.154999,321.859985,249.919998,268.769989,225.240005,201.020004,205.429993,93.18
12992000000.0,16554000000.0,721000000.0,4095000000.0,3940000000.0,-3205000000.0,269000000.0,1566000000.0,-137000000.0,0,2306000000.0,11635000000.0,45.98,38.630001,37.875,36.055,34.154999,25.705,249.919998,268.769989,225.240005,201.020004,205.429993,182.919998,93.18
13123000000.0,17169000000.0,448000000.0,4107000000.0,3758000000.0,-3454000000.0,-148000000.0,1478000000.0,-129000000.0,0,2266000000.0,10983000000.0,38.630001,37.875,36.055,34.154999,25.705,23.025,268.769989,225.240005,201.020004,205.429993,182.919998,146.059998,93.18
2169269000000.0,2434079000000.0,137160000000.0,1908419000000.0,777955000000.0,172458000000.0,-15844000000.0,61777000000.0,-5934000000.0,0,85582000000.0,85582000000.0,35.220001,24.639999,29.9,22.530001,16.43,17.9,321.859985,249.919998,268.769989,225.240005,201.020004,205.429993,30.309999
2089182000000.0,2354507000000.0,156526000000.0,1854739000000.0,780583000000.0,174048000000.0,19970000000.0,39520000000.0,-6895000000.0,0,87738000000.0,87738000000.0,24.639999,29.9,22.530001,16.43,17.9,16.1,249.919998,268.769989,225.240005,201.020004,205.429993,182.919998,30.309999
2014088000000.0,2281234000000.0,138634000000.0,1781583000000.0,701743000000.0,175872000000.0,9696000000.0,9864000000.0,-5700000000.0,0,83730000000.0,83730000000.0,29.9,22.530001,16.43,17.9,16.1,12.03,268.769989,225.240005,201.020004,205.429993,182.919998,146.059998,30.309999
11620000000.0,10125000000.0,1499000000.0,2372000000.0,3245000000.0,-2538000000.0,86000000.0,1236000000.0,-332000000.0,0,5547000000.0,12914000000.0,18.140663,21.948261,39.894909,47.534355,76.960388,68.593369,324.119995,270.059998,281.579987,227.619995,190.160004,201.919998,33.839935
8955000000.0,8090000000.0,1413000000.0,1986000000.0,3260000000.0,-2628000000.0,-102000000.0,1377000000.0,-666000000.0,0,5749000000.0,13237000000.0,21.859337,38.407436,47.922394,76.936134,70.379951,41.123688,271.959991,275.450012,227.770004,191.300003,204.839996,174.169998,33.839935
8900000000.0,8149000000.0,1515000000.0,2031000000.0,3293000000.0,-2512000000.0,-419000000.0,1406000000.0,-686000000.0,0,5668000000.0,12632000000.0,37.178658,48.164913,71.600647,69.935326,41.479385,38.334682,263.929993,229.339996,191.600006,204.059998,175.389999,149.539993,33.839935
10281000000.0,18193000000.0,3335000000.0,3230000000.0,7503000000.0,3381000000.0,1497000000.0,2104000000.0,-423000000.0,542000000.0,4916000000.0,11362000000.0,83.620003,65.82,67.169998,44.439999,37.169998,39.820751,321.859985,249.919998,268.769989,225.240005,201.020004,205.429993,80.239998
4271000000.0,7777000000.0,953000000.0,893000000.0,2293000000.0,-461000000.0,608000000.0,440000000.0,-36000000.0,nan,983000000.0,3094000000.0,73.300003,54.709999,41.82,35.650002,23.18,29.620001,308.359985,295.660004,271.859985,242.210007,209.919998,207.309998,108.120003
3895800000.0,6184000000.0,345400000.0,670700000.0,1395800000.0,-1470100000.0,-65000000.0,248000000.0,-36000000.0,nan,805000000.0,2518000000.0,54.709999,41.82,35.099998,22.99,29.719999,19.99,295.660004,271.859985,241.800003,209.479996,207.5,197.029999,108.120003
3444400000.0,4531100000.0,410200000.0,576900000.0,1240300000.0,-855400000.0,121900000.0,374500000.0,-36000000.0,6300000.0,752600000.0,2463400000.0,41.82,35.099998,22.99,29.719999,19.99,19.99,271.859985,241.800003,209.479996,207.5,197.029999,161.360001,108.120003
63824000000.0,78453000000.0,7299000000.0,26621000000.0,39193000000.0,6827000000.0,402000000.0,6912000000.0,-2132000000.0,1693000000.0,14462000000.0,53800000000.0,147.679993,127.07,157.039993,93.989998,67.989998,91.879997,321.859985,249.919998,268.769989,225.240005,201.020004,205.429993,182.020004
64429000000.0,78509000000.0,6968000000.0,28218000000.0,38603000000.0,5925000000.0,-430000000.0,6558000000.0,-1951000000.0,1850000000.0,14903000000.0,54722000000.0,127.07,157.039993,93.989998,67.989998,91.879997,89.870003,249.919998,268.769989,225.240005,201.020004,205.429993,182.919998,182.020004
63196000000.0,76962000000.0,7381000000.0,26931000000.0,36244000000.0,5386000000.0,1121000000.0,5706000000.0,-1831000000.0,1842000000.0,11824000000.0,45462000000.0,157.039993,93.989998,67.989998,91.879997,89.870003,93.5,268.769989,225.240005,201.020004,205.429993,182.919998,146.059998,182.020004
1758300000.0,5113900000.0,229300000.0,281600000.0,607600000.0,-946100000.0,-45800000.0,632800000.0,-150000000.0,0,1136900000.0,2496100000.0,120.0,97.830002,122.75,73.010002,63.990002,63.360001,321.859985,249.919998,268.769989,225.240005,201.020004,205.429993,93.120003
2070600000.0,5321000000.0,275100000.0,595900000.0,683700000.0,-1205100000.0,131600000.0,534700000.0,-130300000.0,0,1216900000.0,2768800000.0,97.830002,122.75,73.010002,63.990002,63.360001,50.98,249.919998,268.769989,225.240005,201.020004,205.429993,182.919998,93.120003
2145700000.0,5265700000.0,143500000.0,334000000.0,434700000.0,-1540000000.0,46200000.0,374400000.0,-118100000.0,0,995600000.0,2229100000.0,122.75,73.010002,63.990002,63.360001,50.98,30.129999,268.769989,225.240005,201.020004,205.429993,182.919998,146.059998,93.120003
7039100000.0,7999400000.0,154000000.0,3491400000.0,4334100000.0,-2186800000.0,-51800000.0,1027200000.0,-183400000.0,0,3039900000.0,18032400000.0,142.839996,81.050003,69.760002,51.540001,40.950001,34.860001,321.859985,249.919998,268.769989,225.240005,201.020004,205.429993,131.789993
6192500000.0,7167700000.0,205800000.0,2803100000.0,3796800000.0,-2199800000.0,61600000.0,905900000.0,-139400000.0,0,2706900000.0,16240500000.0,81.050003,69.760002,51.540001,40.950001,34.860001,23.379999,249.919998,268.769989,225.240005,201.020004,205.429993,182.919998,131.789993
5981100000.0,6966700000.0,144200000.0,2522100000.0,3396300000.0,-2391000000.0,-119500000.0,777700000.0,-106900000.0,0,2450200000.0,14832900000.0,69.760002,51.540001,40.950001,34.860001,23.379999,18.370001,268.769989,225.240005,201.020004,205.429993,182.919998,146.059998,131.789993
6578000000.0,9476000000.0,463000000.0,1754000000.0,2765000000.0,1121000000.0,24000000.0,1454000000.0,-300000000.0,67000000.0,1606000000.0,6297000000.0,123.120003,89.970001,106.760002,79.510002,66.129997,59.990002,321.859985,249.919998,268.769989,225.240005,201.020004,205.429993,129.940002
5934000000.0,9313000000.0,439000000.0,1779000000.0,2874000000.0,1617000000.0,-137000000.0,1558000000.0,-280000000.0,72000000.0,1972000000.0,7155000000.0,89.970001,106.760002,79.510002,66.129997,59.990002,54.990002,249.919998,268.769989,225.240005,201.020004,205.429993,182.919998,129.940002
6239000000.0,9538000000.0,557000000.0,1559000000.0,2792000000.0,1583000000.0,-62000000.0,803000000.0,-241000000.0,73000000.0,1511000000.0,6140000000.0,106.760002,79.510002,66.129997,59.990002,54.990002,46.5,268.769989,225.240005,201.020004,205.429993,182.919998,146.059998,129.940002
27170000000.0,35529000000.0,241000000.0,3978000000.0,3937000000.0,1679000000.0,-4007000000.0,1638000000.0,-695000000.0,0,2983000000.0,7564000000.0,27.27,28.23,28.02,24.59,18.27,23.629999,321.859985,249.919998,268.769989,225.240005,201.020004,205.429993,21.639999
18951000000.0,27009000000.0,4231000000.0,3302000000.0,7025000000.0,5386000000.0,3982000000.0,2136000000.0,-510000000.0,0,2502000000.0,6277000000.0,28.23,28.02,24.59,18.27,23.629999,22.82,249.919998,268.769989,225.240005,201.020004,205.429993,182.919998,21.639999
18048000000.0,22736000000.0,260000000.0,3069000000.0,3395000000.0,3747000000.0,-85000000.0,1417000000.0,-461000000.0,0,2563000000.0,9614000000.0,28.02,24.59,18.27,23.629999,22.82,19.620001,268.769989,225.240005,201.020004,205.429993,182.919998,146.059998,21.639999
2577294000.0,6894622000.0,441843000.0,1027448000.0,2096624000.0,2129872000.0,67717000.0,1313099000.0,-113823000.0,737136000.0,4621557000.0,5692598000.0,73.110001,52.009998,67.93,47.470001,61.849998,66.099998,321.079987,247.75,267.869995,224.399994,207.399994,208.720001,78.480003
1780247000.0,6708636000.0,374126000.0,962690000.0,2318804000.0,2781028000.0,3203000.0,1454009000.0,-113823000.0,683663000.0,4428977000.0,5366325000.0,52.439999,67.389999,47.919998,60.630001,65.5,55.759998,249.919998,266.859985,224.350006,205.929993,207.600006,183.820007,78.480003
1683963000.0,6469311000.0,370923000.0,789595000.0,2380227000.0,2630431000.0,200062000.0,1307675000.0,-113823000.0,605046000.0,4288181000.0,5142272000.0,68.57,47.369999,60.169998,64.660004,55.740002,38.755001,268.769989,223.529999,203.869995,205.539993,184.690002,142.410004,78.480003
6535000000.0,12172000000.0,287000000.0,665000000.0,974000000.0,422000000.0,-395000000.0,1505000000.0,-265000000.0,0,1174000000.0,4590000000.0,47.740002,43.509998,43.139999,31.870001,40.5,55.580002,321.859985,249.919998,268.769989,225.240005,201.020004,205.429993,38.709999
6930000000.0,12661000000.0,682000000.0,705000000.0,1274000000.0,490000000.0,-153000000.0,1497000000.0,-280000000.0,0,917000000.0,4429000000.0,43.509998,43.139999,31.870001,40.5,55.580002,46.737999,249.919998,268.769989,225.240005,201.020004,205.429993,182.919998,38.709999
6779000000.0,13463000000.0,835000000.0,580000000.0,1465000000.0,1079000000.0,-334000000.0,1631000000.0,-280000000.0,0,434000000.0,4130000000.0,43.139999,31.870001,40.5,55.580002,46.737999,41.448002,268.769989,225.240005,201.020004,205.429993,182.919998,146.059998,38.709999
272260000000.0,294005000000.0,29345000000.0,263712000000.0,93843000000.0,17597000000.0,7350000000.0,9325000000.0,-1060000000.0,0,10468000000.0,10721000000.0,47.560001,41.529999,51.439999,40.200001,31.98,30.219999,321.859985,249.919998,268.769989,225.240005,201.020004,205.429993,53.040001
275812000000.0,296482000000.0,27938000000.0,268745000000.0,85734000000.0,16498000000.0,19067000000.0,12456000000.0,-787000000.0,0,9890000000.0,10132000000.0,41.529999,51.439999,40.200001,31.98,30.219999,25.82,249.919998,268.769989,225.240005,201.020004,205.429993,182.919998,53.040001
224749000000.0,243274000000.0,14217000000.0,219793000000.0,70839000000.0,14397000000.0,1287000000.0,-839000000.0,-592000000.0,0,8387000000.0,8618000000.0,51.439999,40.200001,31.98,30.219999,25.82,15.08,268.769989,225.240005,201.020004,205.429993,182.919998,146.059998,53.040001
92220000000.0,237428000000.0,5686000000.0,26530000000.0,28329000000.0,139750000000.0,-3570000000.0,27314000000.0,-8959000000.0,0,59752000000.0,139865000000.0,120.510002,108.790001,127.580002,117.849998,88.849998,112.580002,321.859985,249.919998,268.769989,225.240005,201.020004,205.429993,84.449997
98221000000.0,253863000000.0,9342000000.0,27171000000.0,34021000000.0,150036000000.0,4538000000.0,30618000000.0,-8502000000.0,0,64324000000.0,158902000000.0,108.790001,127.580002,117.849998,88.849998,112.580002,124.139999,249.919998,268.769989,225.240005,201.020004,205.429993,182.919998,84.449997
104487000000.0,253806000000.0,4813000000.0,27737000000.0,28560000000.0,143593000000.0,-2471000000.0,20338000000.0,-8132000000.0,0,58909000000.0,127485000000.0,127.580002,117.849998,88.849998,112.580002,124.139999,110.389999,268.769989,225.240005,201.020004,205.429993,182.919998,146.059998,84.449997
121612000000.0,176943000000.0,1537000000.0,93870000000.0,35212000000.0,33972000000.0,306000000.0,6342000000.0,-1354000000.0,0,8716000000.0,34230000000.0,155.660004,129.179993,142.300003,131.710007,113.730003,114.440002,321.859985,249.919998,268.769989,225.240005,201.020004,205.429993,153.919998
117459000000.0,167771000000.0,1247000000.0,91379000000.0,34106000000.0,28898000000.0,489000000.0,5480000000.0,-1337000000.0,0,8224000000.0,32679000000.0,129.179993,142.300003,131.710007,113.730003,114.440002,101.699997,249.919998,268.769989,225.240005,201.020004,205.429993,182.919998,153.919998
115850000000.0,167022000000.0,728000000.0,90536000000.0,32421000000.0,29118000000.0,-237000000.0,4503000000.0,-1308000000.0,0,7545000000.0,32340000000.0,142.300003,131.710007,113.730003,114.440002,101.699997,81.790001,268.769989,225.240005,201.020004,205.429993,182.919998,146.059998,153.919998
3989600000.0,6657400000.0,155700000.0,1092300000.0,956400000.0,-2161700000.0,-161000000.0,864500000.0,-224100000.0,0,1984000000.0,4357700000.0,70.349998,65.760002,49.43,44.34,41.755001,39.544998,321.859985,249.919998,268.769989,225.240005,201.020004,205.429993,87.230003
3615400000.0,6069200000.0,316700000.0,1326300000.0,1078200000.0,-1813100000.0,37800000.0,763600000.0,-213300000.0,0,1840800000.0,4145900000.0,65.760002,49.43,44.34,41.755001,39.544998,32.75,249.919998,268.769989,225.240005,201.020004,205.429993,182.919998,87.230003
3796800000.0,6014800000.0,278900000.0,935000000.0,1000200000.0,-2061400000.0,91100000.0,681500000.0,-190400000.0,0,1729600000.0,3776200000.0,49.43,44.34,41.755001,39.544998,32.75,27.280001,268.769989,225.240005,201.020004,205.429993,182.919998,146.059998,87.230003
15544000000.0,25408000000.0,767000000.0,2827000000.0,3582000000.0,9864000000.0,-17000000.0,1208000000.0,-355000000.0,0,2634000000.0,7924000000.0,105.150002,77.419998,73.080002,75.790001,57.540001,51.610001,321.859985,249.919998,268.769989,225.240005,201.020004,205.429993,87.370003
14102000000.0,21935000000.0,784000000.0,2548000000.0,3159000000.0,7833000000.0,127000000.0,1181000000.0,-336000000.0,0,395000000.0,5407000000.0,77.419998,73.080002,75.790001,57.540001,51.610001,51.450001,249.919998,268.769989,225.240005,201.020004,205.429993,182.919998,87.370003
13600000000.0,21843000000.0,657000000.0,2428000000.0,2915000000.0,8243000000.0,-120000000.0,1052000000.0,-319355000.0,0,875000000.0,5732000000.0,73.080002,75.790001,57.540001,51.610001,51.450001,39.869999,268.769989,225.240005,201.020004,205.429993,182.919998,146.059998,87.370003
4434683000.0,7669885000.0,145402000.0,885195000.0,2309699000.0,-230220000.0,48757000.0,1291483000.0,-267956000.0,0,3233748000.0,7085120000.0,250.940002,223.389999,184.559998,126.93,94.809998,85.949997,305.549988,274.570007,273.600006,243.360001,210.270004,211.360001,352.980011
4433941000.0,7436662000.0,96645000.0,1127733000.0,2236280000.0,-485399000.0,-42079000.0,1067862000.0,-220764000.0,0,3128588000.0,6892303000.0,221.830002,182.25,125.879997,94.800003,86.349998,62.220001,275.269989,270.940002,241.440002,209.839996,211.570007,192.899994,352.980011
3941688000.0,6958214000.0,138724000.0,775857000.0,1977932000.0,-542963000.0,-30542000.0,964160000.0,-175589000.0,0,2908523000.0,6476632000.0,182.25,125.879997,94.800003,86.349998,62.220001,45.709999,270.940002,241.440002,209.839996,211.570007,192.899994,164.350006,352.980011
56933000000.0,94853000000.0,11809000000.0,25331000000.0,43573000000.0,2538000000.0,40000000.0,15426000000.0,-6016000000.0,6347000000.0,31683000000.0,49301000000.0,47.189999,56.529999,43.529999,31.66,30.879999,28.209999,323.220001,302.01001,283.339996,247.429993,216.75,206.789993,55.450001
64222000000.0,97793000000.0,11750000000.0,31712000000.0,47755000000.0,-2159000000.0,2779000000.0,15831000000.0,-5979000000.0,6577000000.0,32666000000.0,51904000000.0,56.93,42.57,31.57,30.76,28.209999,25.92,301.459991,281.420013,247.199997,216.520004,209.330002,197.800003,55.450001
65580000000.0,108784000000.0,8934000000.0,27035000000.0,61837000000.0,8946000000.0,-2780000000.0,13666000000.0,-5968000000.0,6332000000.0,30733000000.0,49330000000.0,42.169998,31.52,30.52,28.4,25.709999,25.33,279.950012,246.910004,216.770004,210.770004,196.949997,168.589996,55.450001
1757212000000.0,1951158000000.0,155168000000.0,1450473000000.0,761299000000.0,148809000000.0,5814000000.0,-12837000000.0,-5447000000.0,0,66068000000.0,66068000000.0,79.889999,52.060001,74.360001,60.59,51.130001,54.259998,321.859985,249.919998,268.769989,225.240005,201.020004,205.429993,61.66
1720309000000.0,1917383000000.0,148597000000.0,1432160000000.0,750455000000.0,151078000000.0,7589000000.0,36952000000.0,-5020000000.0,0,65500000000.0,65500000000.0,52.060001,74.360001,60.59,51.130001,54.259998,52.27,249.919998,268.769989,225.240005,201.020004,205.429993,182.919998,61.66
1640793000000.0,1842465000000.0,142301000000.0,1347063000000.0,704312000000.0,154643000000.0,20022000000.0,-8774000000.0,-3797000000.0,0,65272000000.0,65272000000.0,74.360001,60.59,51.130001,54.259998,52.27,41.25,268.769989,225.240005,201.020004,205.429993,182.919998,146.059998,61.66
143532000000.0,165733000000.0,1175000000.0,128207000000.0,8373000000.0,12619000000.0,-688000000.0,1697000000.0,-682000000.0,0,6098000000.0,6098000000.0,40.610001,29.73,42.68,35.860001,25.799999,24.76,321.859985,249.919998,268.769989,225.240005,201.020004,205.429993,35.759998
139701000000.0,160518000000.0,1081000000.0,122676000000.0,5893000000.0,12171000000.0,1042000000.0,1767000000.0,-485000000.0,0,5802000000.0,5802000000.0,29.73,42.68,35.860001,25.799999,24.76,23.08,249.919998,268.769989,225.240005,201.020004,205.429993,182.919998,35.759998
132066000000.0,152336000000.0,987000000.0,118070000000.0,4601000000.0,12303000000.0,-672000000.0,1883000000.0,-336000000.0,0,5386000000.0,5386000000.0,42.68,35.860001,25.799999,24.76,23.08,23.08,268.769989,225.240005,201.020004,205.429993,182.919998,146.059998,35.759998
3551270000.0,4388926000.0,545761000.0,1828587000.0,1512732000.0,-1069230000.0,-73005000.0,783070000.0,-182947000.0,518877000.0,2597857000.0,3010564000.0,110.900002,102.459999,88.690002,71.770981,59.061954,50.54945,321.859985,249.919998,268.769989,225.240005,201.020004,205.429993,130.100006
4584530000.0,5136049000.0,618766000.0,2911140000.0,2086901000.0,-1418338000.0,-496364000.0,1035345000.0,-46799000.0,439984000.0,2587159000.0,2973903000.0,102.459999,88.690002,71.770981,59.061954,50.54945,49.761108,249.919998,268.769989,225.240005,201.020004,205.429993,182.919998,130.100006
4827715000.0,5820176000.0,1115130000.0,1687079000.0,2621423000.0,-763985000.0,158174000.0,908276000.0,-46799000.0,415801000.0,2450728000.0,2824686000.0,88.690002,71.770981,59.061954,50.54945,49.761108,54.284122,268.769989,225.240005,201.020004,205.429993,182.919998,146.059998,130.100006
5305000000.0,6213000000.0,871000000.0,1418000000.0,2020000000.0,-1563000000.0,766000000.0,1546000000.0,-533000000.0,145000000.0,3063000000.0,6721000000.0,219.369995,152.800003,133.520004,133.779999,137.160004,106.120003,308.359985,295.660004,271.859985,242.210007,209.919998,207.309998,179.910004
4557000000.0,5116000000.0,111000000.0,1440000000.0,1305000000.0,-1944000000.0,-21000000.0,992000000.0,-490000000.0,136000000.0,2728000000.0,6214000000.0,152.800003,133.520004,133.240005,138.389999,106.860001,91.260002,295.660004,271.859985,241.800003,209.479996,207.5,197.029999,179.910004
4334000000.0,5060000000.0,131000000.0,1200000000.0,1311000000.0,-1805000000.0,-285000000.0,976000000.0,-450000000.0,132000000.0,2675000000.0,6124000000.0,133.520004,133.240005,138.389999,106.860001,91.260002,83.800003,271.859985,241.800003,209.479996,207.5,197.029999,161.360001,179.910004
49056000000.0,75215300000.0,1551400000.0,38522500000.0,39567800000.0,-6906600000.0,179400000.0,2672800000.0,-1695900000.0,0,4857800000.0,4857800000.0,200.720001,188.119995,144.789993,114.400002,88.669998,88.139999,321.859985,249.919998,268.769989,225.240005,201.020004,205.429993,182.050003
51510400000.0,77475700000.0,1374500000.0,41272600000.0,41886700000.0,-7562200000.0,-528800000.0,2440800000.0,-2149900000.0,0,4309400000.0,4309400000.0,188.119995,144.789993,114.400002,88.669998,88.139999,77.959999,249.919998,268.769989,225.240005,201.020004,205.429993,182.919998,182.050003
53379400000.0,75791200000.0,1903600000.0,45672900000.0,46906500000.0,-4678800000.0,-54300000.0,1751100000.0,-1993500000.0,0,3644700000.0,3644700000.0,144.789993,114.400002,88.669998,88.139999,77.959999,51.34,268.769989,225.240005,201.020004,205.429993,182.919998,146.059998,182.050003
21782000000.0,26837000000.0,140000000.0,2704000000.0,2331000000.0,5018000000.0,-18000000.0,1790000000.0,-434000000.0,0,2564000000.0,6845000000.0,62.84,49.650002,46.950001,41.529999,35.610001,35.139999,321.859985,249.919998,268.769989,225.240005,201.020004,205.429993,61.009998
19737000000.0,24529000000.0,153000000.0,2624000000.0,2468000000.0,4755000000.0,-29000000.0,1703000000.0,-405000000.0,0,2398000000.0,6873000000.0,49.650002,46.950001,41.529999,35.610001,35.139999,26.299999,249.919998,268.769989,225.240005,201.020004,205.429993,182.919998,61.009998
18572000000.0,23050000000.0,182000000.0,2784000000.0,2475000000.0,4441000000.0,-53000000.0,1705000000.0,-375000000.0,0,2503000000.0,6583000000.0,46.950001,41.529999,35.610001,35.139999,26.299999,24.809999,268.769989,225.240005,201.020004,205.429993,182.919998,146.059998,61.009998
65283000000.0,86381000000.0,6480000000.0,26973000000.0,20411000000.0,-7785000000.0,-2581000000.0,10471000000.0,-6845000000.0,0,22647000000.0,37266000000.0,55.349998,47.349998,45.540001,41.799999,42.400002,42.139999,321.859985,249.919998,268.769989,225.240005,201.020004,205.429993,54.84
64158000000.0,83216000000.0,9077000000.0,28782000000.0,24930000000.0,-4606000000.0,2945000000.0,7627000000.0,-6644000000.0,0,21233000000.0,34300000000.0,47.349998,45.540001,41.799999,42.400002,42.139999,40.66,249.919998,268.769989,225.240005,201.020004,205.429993,182.919998,54.84
68919000000.0,87896000000.0,6006000000.0,27194000000.0,36545000000.0,436000000.0,-2477000000.0,7041000000.0,-6320000000.0,0,22491000000.0,36212000000.0,45.540001,41.799999,42.400002,42.139999,40.66,37.599998,268.769989,225.240005,201.020004,205.429993,182.919998,146.059998,54.84
5182000000.0,16204000000.0,2645000000.0,2983000000.0,7611000000.0,6002000000.0,1484000000.0,2499000000.0,-453000000.0,0,6174000000.0,16783000000.0,62.02,63.48,70.949997,56.52,58.130001,52.669998,321.859985,249.919998,268.769989,225.240005,201.020004,205.429993,81.949997
4422000000.0,15846000000.0,1161000000.0,2710000000.0,8610000000.0,6793000000.0,-764000000.0,2592000000.0,-468000000.0,0,6287000000.0,16125000000.0,63.48,70.949997,56.52,58.130001,52.669998,49.419998,249.919998,268.769989,225.240005,201.020004,205.429993,182.919998,81.949997
4552000000.0,15221000000.0,1925000000.0,2839000000.0,9111000000.0,6984000000.0,-109000000.0,2407000000.0,-265000000.0,0,5658000000.0,14810000000.0,70.949997,56.52,58.130001,52.669998,49.419998,38.07,268.769989,225.240005,201.020004,205.429993,182.919998,146.059998,81.949997
14476000000.0,15034000000.0,883000000.0,4038000000.0,4179000000.0,-6058000000.0,157000000.0,3133000000.0,-1473000000.0,0,9336000000.0,15693000000.0,68.839996,59.52,75.139999,65.540001,64.709999,69.040001,321.859985,249.919998,268.769989,225.240005,201.020004,205.429993,85.510002
11964000000.0,12161000000.0,726000000.0,3341000000.0,3793000000.0,-4269000000.0,-809000000.0,3056000000.0,-1448000000.0,0,9262000000.0,15544000000.0,59.52,75.139999,65.540001,64.709999,69.040001,64.300003,249.919998,268.769989,225.240005,201.020004,205.429993,182.919998,85.510002
12433000000.0,12676000000.0,1535000000.0,3408000000.0,4639000000.0,-3619000000.0,220000000.0,3054000000.0,-1405000000.0,0,9355000000.0,15454000000.0,75.139999,65.540001,64.709999,69.040001,64.300003,53.154999,268.769989,225.240005,201.020004,205.429993,182.919998,146.059998,85.510002
178168000000.0,263414000000.0,5500000000.0,30292000000.0,25392000000.0,-81492000000.0,1680000000.0,25697000000.0,-3735000000.0,0,74502000000.0,108942000000.0,44.970001,34.049999,41.07,34.525002,27.82,28.674999,321.859985,249.919998,268.769989,225.240005,201.020004,205.429993,52.400002
177866000000.0,251684000000.0,3814000000.0,27603000000.0,21848000000.0,-92264000000.0,338000000.0,24297000000.0,-3352000000.0,0,64815000000.0,94507000000.0,34.049999,41.07,34.525002,27.82,28.674999,25.725,249.919998,268.769989,225.240005,201.020004,205.429993,182.919998,52.400002
116646000000.0,187462000000.0,3428000000.0,21993000000.0,16343000000.0,-45661000000.0,156000000.0,21261000000.0,-2883000000.0,0,59674000000.0,85029000000.0,41.07,34.525002,27.82,28.674999,25.725,19.26,268.769989,225.240005,201.020004,205.429993,182.919998,146.059998,52.400002
66075000000.0,73402000000.0,5232000000.0,58847000000.0,9534000000.0,6688000000.0,1257000000.0,1090000000.0,-402000000.0,0,3275000000.0,3275000000.0,71.75,68.690002,86.57,68.959999,41.43,46.290001,321.859985,249.919998,268.769989,225.240005,201.020004,205.429993,55.860001
63311000000.0,70818000000.0,3962000000.0,56955000000.0,7865000000.0,6866000000.0,-1284000000.0,1616000000.0,-263000000.0,0,3329000000.0,3329000000.0,68.690002,86.57,68.959999,41.43,46.290001,46.849998,249.919998,268.769989,225.240005,201.020004,205.429993,182.919998,55.860001
63604000000.0,71567000000.0,5273000000.0,58718000000.0,9576000000.0,7320000000.0,-1373000000.0,1085000000.0,-180000000.0,0,3094000000.0,3094000000.0,86.57,68.959999,41.43,46.290001,46.849998,31.32,268.769989,225.240005,201.020004,205.429993,182.919998,146.059998,55.860001
14353300000.0,22304000000.0,553300000.0,3287400000.0,2885900000.0,-7787800000.0,316700000.0,1842600000.0,-413600000.0,0,3069600000.0,11054400000.0,34.720001,27.52,36.939999,39.950001,35.564201,29.696499,305.549988,274.570007,273.600006,243.360001,210.270004,211.360001,38.18
14750100000.0,22213800000.0,236600000.0,2142600000.0,2733800000.0,-8590100000.0,108600000.0,1125500000.0,-356200000.0,0,2653000000.0,9538400000.0,28.459999,37.360001,39.029999,35.369652,30.116732,24.56031,280.149994,269.019989,241.710007,209.339996,212.699997,191.520004,38.18
6632900000.0,10389500000.0,128000000.0,2336200000.0,1938900000.0,-2094000000.0,-123400000.0,954200000.0,-342300000.0,0,2351500000.0,7938300000.0,37.360001,38.52,35.245136,30.116732,24.575874,27.22179,269.019989,241.5,210.240005,212.460007,191.380005,166.300003,38.18
35464000000.0,70514000000.0,5088000000.0,7043000000.0,16913000000.0,34981000000.0,-789000000.0,11104000000.0,-1500000000.0,0,16182000000.0,33346000000.0,65.029999,62.349998,55.32,50.610001,46.880001,68.919998,321.859985,249.919998,268.769989,225.240005,201.020004,205.429993,39.990002
37916000000.0,69980000000.0,5915000000.0,7395000000.0,13274000000.0,31939000000.0,-385000000.0,12934000000.0,-1363000000.0,0,17984000000.0,37491000000.0,62.349998,55.32,50.610001,46.880001,68.919998,69.779999,249.919998,268.769989,225.240005,201.020004,205.429993,182.919998,39.990002
42561000000.0,73362000000.0,6325000000.0,9397000000.0,16512000000.0,30607000000.0,2715000000.0,7077000000.0,-1305000000.0,0,12241000000.0,29878000000.0,55.32,50.610001,46.880001,68.919998,69.779999,59.209999,268.769989,225.240005,201.020004,205.429993,182.919998,146.059998,39.990002
39866000000.0,58079000000.0,981000000.0,6287000000.0,4272000000.0,16019000000.0,211000000.0,3134000000.0,-924000000.0,0,6766000000.0,12574000000.0,90.470001,76.459999,83.580002,73.629997,64.400002,66.339996,321.859985,249.919998,268.769989,225.240005,201.020004,205.429993,72.269997
37081000000.0,53920000000.0,895000000.0,6207000000.0,3864000000.0,14632000000.0,162000000.0,2695000000.0,-842000000.0,0,6237000000.0,12337000000.0,76.459999,83.580002,73.629997,64.400002,66.339996,53.959999,249.919998,268.769989,225.240005,201.020004,205.429993,182.919998,72.269997
32686000000.0,48111000000.0,797000000.0,4902000000.0,3537000000.0,14859000000.0,14000000.0,3367000000.0,-803000000.0,0,6269000000.0,12033000000.0,83.580002,73.629997,64.400002,66.339996,53.959999,56.59,268.769989,225.240005,201.020004,205.429993,182.919998,146.059998,72.269997
14848900000.0,27323200000.0,81400000.0,2311800000.0,3484100000.0,1655800000.0,-12200000.0,2551100000.0,-569200000.0,0,4285500000.0,8343500000.0,177.220001,171.940002,215.949997,159.610001,144.520004,115.980003,309.089996,280.420013,267.700012,239.779999,198.110001,211.990005,217.75
16394300000.0,29231500000.0,93600000.0,3163800000.0,3684000000.0,1264100000.0,3300000.0,2246300000.0,-557700000.0,0,4103400000.0,8116000000.0,169.160004,215.479996,158.809998,141.429993,115.980003,81.150002,278.679993,271.649994,236.470001,193.559998,211.990005,184.979996,217.75
12547000000.0,20538700000.0,90300000.0,2039600000.0,3474000000.0,-3412800000.0,-87100000.0,1931400000.0,-400100000.0,0,3850300000.0,7580300000.0,215.479996,158.809998,141.429993,115.980003,81.150002,43.84,271.649994,236.470001,193.559998,211.990005,184.979996,152.110001,217.75
15901000000.0,28898000000.0,2434000000.0,3521000000.0,7463000000.0,7487000000.0,79000000.0,2031000000.0,-742000000.0,1001000000.0,4423000000.0,11503000000.0,29.110001,30.209999,32.619999,24.299999,17.91,23.01,321.859985,249.919998,268.769989,225.240005,201.020004,205.429993,36.0
13619000000.0,27505000000.0,2355000000.0,3311000000.0,7034000000.0,8264000000.0,-1962000000.0,2919000000.0,-685000000.0,987000000.0,4558000000.0,11290000000.0,30.209999,32.619999,24.299999,17.91,23.01,17.77,249.919998,268.769989,225.240005,201.020004,205.429993,182.919998,36.0
11724000000.0,27494000000.0,4317000000.0,3209000000.0,8827000000.0,10835000000.0,-974000000.0,2004000000.0,-651000000.0,864000000.0,4020000000.0,10116000000.0,32.619999,24.299999,17.91,23.01,17.77,12.86,268.769989,225.240005,201.020004,205.429993,182.919998,146.059998,36.0
17842000000.0,42397000000.0,1764000000.0,8238000000.0,13519000000.0,2656000000.0,-2851000000.0,1070000000.0,-194000000.0,1147000000.0,5543000000.0,13846000000.0,29.559999,29.0,29.0,29.0,29.0,29.0,321.859985,249.919998,268.769989,225.240005,201.020004,205.429993,38.720001
36851000000.0,55556000000.0,12277000000.0,24844000000.0,28120000000.0,17296000000.0,3893000000.0,8861000000.0,-1479000000.0,0,21822000000.0,166761000000.0,347.660004,292.049988,233.130005,156.740005,162.089996,138.300003,349.309998,290.73999,290.309998,247.490005,217.380005,191.770004,455.929993
29816000000.0,45400000000.0,8384000000.0,23237000000.0,23485000000.0,15190000000.0,2329000000.0,6356000000.0,-1038000000.0,0,19817000000.0,152703000000.0,292.049988,234.679993,158.240005,156.210007,140.419998,121.559998,290.73999,289.809998,247.839996,217.389999,195.410004,200.610001,455.929993
27727000000.0,40830000000.0,6055000000.0,19926000000.0,20289000000.0,12799000000.0,1509000000.0,5774000000.0,-689000000.0,0,18424000000.0,141576000000.0,234.679993,159.139999,157.979996,140.479996,121.349998,111.980003,289.809998,246.059998,218.369995,195.550003,200.5,164.389999,455.929993
2335758000.0,4487245000.0,200227000.0,328034000.0,568248000.0,2151487000.0,211496000.0,1445791000.0,-145515000.0,0,1333834000.0,1985469000.0,17.41,22.35,28.9,22.34,17.59,30.1,321.859985,249.919998,268.769989,225.240005,201.020004,205.429993,16.280001
2110670000.0,4198829000.0,2287000.0,287264000.0,544545000.0,2088159000.0,-477760000.0,1104903000.0,-111369000.0,0,1393141000.0,2143716000.0,22.35,28.9,22.34,17.59,30.1,38.169998,249.919998,268.769989,225.240005,201.020004,205.429993,182.919998,16.280001
2203439000.0,4727344000.0,480047000.0,630050000.0,764957000.0,2523905000.0,-18495000.0,898160000.0,-78838000.0,0,1148292000.0,1747293000.0,28.9,22.34,17.59,30.1,38.169998,24.615,268.769989,225.240005,201.020004,205.429993,182.919998,146.059998,16.280001
27968000000.0,38457000000.0,196000000.0,1920000000.0,1204000000.0,-4425000000.0,-75000000.0,2698000000.0,-2025000000.0,0,3777000000.0,5763000000.0,142.149994,108.629997,108.93,86.800003,85.389999,79.510002,321.859985,249.919998,268.769989,225.240005,201.020004,205.429993,159.190002
21191000000.0,32762000000.0,277000000.0,1506000000.0,1229000000.0,-4023000000.0,-27000000.0,2500000000.0,-1895000000.0,0,3526000000.0,5370000000.0,108.629997,108.93,86.800003,85.389999,79.510002,71.629997,249.919998,268.769989,225.240005,201.020004,205.429993,182.919998,159.190002
19890000000.0,32229000000.0,314000000.0,1292000000.0,1134000000.0,-3644000000.0,-257000000.0,2032000000.0,-1539000000.0,0,2712000000.0,4255000000.0,108.93,86.800003,85.389999,79.510002,71.629997,75.099998,268.769989,225.240005,201.020004,205.429993,182.919998,146.059998,159.190002
26394000000.0,38257000000.0,958000000.0,2151000000.0,3278000000.0,11848000000.0,100000000.0,4850000000.0,-763000000.0,0,6379000000.0,11937000000.0,24.120001,20.709999,18.780001,11.963333,8.596667,11.95,321.859985,249.919998,268.769989,225.240005,201.020004,205.429993,30.25
24149000000.0,36729000000.0,858000000.0,1915000000.0,2565000000.0,12563000000.0,457000000.0,4641000000.0,-751000000.0,0,6262000000.0,12250000000.0,20.709999,18.780001,11.963333,8.596667,11.95,9.416667,249.919998,268.769989,225.240005,201.020004,205.429993,182.919998,30.25
21018000000.0,35739000000.0,401000000.0,1894000000.0,1915000000.0,14705000000.0,-202000000.0,3472000000.0,-708000000.0,0,5113000000.0,11408000000.0,18.780001,11.963333,8.596667,11.95,9.416667,6.723333,268.769989,225.240005,201.020004,205.429993,182.919998,146.059998,30.25
11272000000.0,19737000000.0,1129000000.0,6260000000.0,9387000000.0,5218000000.0,-174000000.0,3181000000.0,-761000000.0,1001000000.0,5980000000.0,23571000000.0,178.960007,133.639999,177.059998,139.789993,89.970001,146.419998,321.859985,249.919998,268.769989,225.240005,201.020004,205.429993,227.100006
10803000000.0,19062000000.0,1303000000.0,6384000000.0,9818000000.0,5313000000.0,-66000000.0,2378000000.0,-718000000.0,902000000.0,5737000000.0,23771000000.0,133.639999,177.059998,139.789993,89.970001,146.419998,138.559998,249.919998,268.769989,225.240005,201.020004,205.429993,182.919998,227.100006
9911000000.0,18075000000.0,1369000000.0,5677000000.0,8928000000.0,5204000000.0,249000000.0,2277000000.0,-701000000.0,754000000.0,5100000000.0,20428000000.0,177.059998,139.789993,89.970001,146.419998,138.559998,113.370003,268.769989,225.240005,201.020004,205.429993,182.919998,146.059998,227.100006
158279000000.0,222449000000.0,5683000000.0,53303000000.0,50302000000.0,-49006000000.0,1659000000.0,12848000000.0,-2603000000.0,0,44517000000.0,255765000000.0,74.290001,65.519997,73.519997,80.349998,96.459999,95.099998,321.859985,249.919998,268.769989,225.240005,201.020004,205.429993,68.300003
137913000000.0,196456000000.0,4059000000.0,44009000000.0,45243000000.0,-56977000000.0,2395000000.0,8865000000.0,-2038000000.0,0,30878000000.0,193919000000.0,65.519997,73.519997,80.349998,96.459999,95.099998,70.400002,249.919998,268.769989,225.240005,201.020004,205.429993,182.919998,68.300003
57436000000.0,95131000000.0,1696000000.0,30648000000.0,31229000000.0,-14390000000.0,-1620000000.0,8007000000.0,-2049000000.0,0,28507000000.0,184765000000.0,73.519997,80.349998,96.459999,95.099998,70.400002,49.68,268.769989,225.240005,201.020004,205.429993,182.919998,146.059998,68.300003
6790800000.0,18912300000.0,2962900000.0,3351600000.0,17786300000.0,11659400000.0,1526100000.0,1421600000.0,-256000000.0,0,4622000000.0,20311100000.0,75.629997,52.040001,42.220001,39.98,30.08,29.73,334.890015,293.23999,291.730011,252.320007,215.779999,195.0,83.970001
5311500000.0,15606600000.0,1450900000.0,3231200000.0,14704500000.0,9857400000.0,8000000.0,892100000.0,-223400000.0,0,3650600000.0,17592900000.0,52.709999,42.220001,39.98,30.200001,29.58,20.32,296.769989,291.730011,252.320007,216.300003,192.130005,194.350006,83.970001
4955700000.0,14114600000.0,1439400000.0,2350000000.0,13315800000.0,8875200000.0,481700000.0,545200000.0,-188400000.0,0,3462800000.0,16068000000.0,42.220001,39.98,30.200001,29.58,20.32,19.379999,291.730011,252.320007,216.300003,192.130005,194.350006,169.339996,83.970001
31800000000.0,62082000000.0,19912000000.0,4932000000.0,25596000000.0,-3792000000.0,19124000000.0,3952000000.0,-527000000.0,1126000000.0,9984000000.0,17911000000.0,153.479996,103.120003,92.440002,78.779999,69.507202,64.988625,321.859985,249.919998,268.769989,225.240005,201.020004,205.429993,222.139999
19605800000.0,47832500000.0,787800000.0,4841500000.0,7093800000.0,-4648900000.0,158000000.0,4022000000.0,-433000000.0,1059000000.0,9505000000.0,17049000000.0,103.120003,92.440002,78.779999,69.507202,64.988625,57.960575,249.919998,268.769989,225.240005,201.020004,205.429993,182.919998,222.139999
20280800000.0,46648600000.0,630300000.0,4792300000.0,6850000000.0,-10447500000.0,-333400000.0,3477800000.0,-378300000.0,956400000.0,8571300000.0,15518800000.0,92.440002,78.779999,69.507202,64.988625,57.960575,43.578468,268.769989,225.240005,201.020004,205.429993,182.919998,146.059998,222.139999
7614900000.0,9946100000.0,763300000.0,1792800000.0,1101400000.0,402300000.0,306000000.0,711300000.0,-322300000.0,0,1408400000.0,7806900000.0,78.309998,116.449997,88.5,90.089996,67.43,58.157135,305.549988,274.570007,273.600006,243.360001,210.270004,211.360001,137.330002
3500200000.0,5892800000.0,457300000.0,1474100000.0,892600000.0,133500000.0,310400000.0,1257200000.0,-370800000.0,0,1849000000.0,8510400000.0,118.129997,88.080002,87.949997,67.279999,58.031986,44.471523,280.149994,269.019989,241.710007,209.339996,212.699997,191.520004,137.330002
3274800000.0,5469600000.0,146900000.0,1384500000.0,553600000.0,-75300000.0,-86200000.0,1001300000.0,-313500000.0,0,1745400000.0,8080100000.0,88.080002,87.489998,67.480003,58.049866,44.855904,47.671688,269.019989,241.5,210.240005,212.460007,191.380005,166.300003,137.330002
61580000000.0,73011000000.0,3175000000.0,24741000000.0,50853000000.0,7116000000.0,-59000000.0,3412000000.0,-943000000.0,1782000000.0,9187000000.0,39233000000.0,179.100006,142.649994,135.029999,88.300003,78.239998,84.550003,307.369995,273.390015,258.450012,208.779999,210.360001,201.070007,231.699997
58803000000.0,70108000000.0,3195000000.0,25130000000.0,48660000000.0,6328000000.0,-5452000000.0,1822000000.0,-806000000.0,1658000000.0,8985000000.0,37318000000.0,130.559998,132.300003,87.169998,78.239998,85.150002,82.650002,263.859985,256.75,212.539993,208.830002,198.110001,177.169998,231.699997
56211800000.0,65786300000.0,8168400000.0,22571000000.0,48349300000.0,8054000000.0,4977000000.0,2196000000.0,-764000000.0,1356680000.0,6777600000.0,29071000000.0,132.300003,88.300003,78.0,85.230003,82.209999,85.440002,256.75,212.550003,207.929993,199.380005,176.289993,141.350006,231.699997
49174000000.0,64532000000.0,2882000000.0,20204000000.0,8249000000.0,414000000.0,982000000.0,8425000000.0,-980000000.0,0,12916000000.0,47007000000.0,58.48,49.900002,56.740002,49.48,48.66,49.18,321.859985,249.919998,268.769989,225.240005,201.020004,205.429993,40.209999
46579000000.0,60266000000.0,1565000000.0,18578000000.0,6340000000.0,-924000000.0,895000000.0,7014000000.0,-909000000.0,0,11452000000.0,44438000000.0,49.900002,56.740002,49.48,48.66,49.18,27.700001,249.919998,268.769989,225.240005,201.020004,205.429993,182.919998,40.209999
41141000000.0,53671000000.0,1814000000.0,18959000000.0,7804000000.0,-2111000000.0,-973000000.0,5023000000.0,-731000000.0,0,11833000000.0,41138000000.0,56.740002,49.48,48.66,49.18,27.700001,12.23,268.769989,225.240005,201.020004,205.429993,182.919998,146.059998,40.209999
3508000000.0,8603000000.0,405000000.0,995000000.0,2000000000.0,-480000000.0,95000000.0,633000000.0,-81000000.0,131000000.0,2190000000.0,4029000000.0,56.59,37.209999,67.139999,58.619999,58.860001,51.93,321.859985,249.919998,268.769989,225.240005,201.020004,205.429993,52.360001
3554000000.0,8687000000.0,309600000.0,1013300000.0,1888000000.0,-730500000.0,-11000000.0,500000000.0,-79000000.0,161000000.0,2089000000.0,3986000000.0,37.209999,67.139999,58.619999,58.860001,51.93,47.959999,249.919998,268.769989,225.240005,201.020004,205.429993,182.919998,52.360001
3746600000.0,10374500000.0,320600000.0,954500000.0,2002500000.0,-723600000.0,-63300000.0,601900000.0,-78300000.0,151700000.0,2188500000.0,3993400000.0,67.139999,58.619999,58.860001,51.93,47.959999,40.52,268.769989,225.240005,201.020004,205.429993,182.919998,146.059998,52.360001
7797000000.0,13717000000.0,1464000000.0,1927000000.0,3851000000.0,5049000000.0,-602000000.0,2071000000.0,-140000000.0,0,2686000000.0,6423000000.0,25.969999,22.540001,42.23,47.080002,32.32,60.959999,321.859985,249.919998,268.769989,225.240005,201.020004,205.429993,15.81
10380000000.0,19566000000.0,2414000000.0,2226000000.0,4437000000.0,8433000000.0,-238000000.0,2704000000.0,-149000000.0,0,2965000000.0,8439000000.0,22.540001,42.23,47.080002,32.32,60.959999,61.16,249.919998,268.769989,225.240005,201.020004,205.429993,182.919998,15.81
16137000000.0,30241000000.0,2642000000.0,3315000000.0,4791000000.0,8413000000.0,725000000.0,2909000000.0,-127000000.0,0,2165000000.0,6340000000.0,42.23,47.080002,32.32,60.959999,61.16,52.459999,268.769989,225.240005,201.020004,205.429993,182.919998,146.059998,15.81
8625000000.0,23531000000.0,123000000.0,1263000000.0,869000000.0,13249000000.0,-87000000.0,2739000000.0,-112000000.0,0,3098000000.0,3767000000.0,92.860001,92.699997,127.879997,103.25,66.110001,59.93,321.859985,249.919998,268.769989,225.240005,201.020004,205.429993,48.400002
7429000000.0,21596000000.0,215000000.0,1019000000.0,925000000.0,13700000000.0,103000000.0,1565000000.0,-37000000.0,0,1728000000.0,2164000000.0,92.699997,127.879997,103.25,66.110001,59.93,51.16,249.919998,268.769989,225.240005,201.020004,205.429993,182.919998,48.400002
2189248000.0,7770985000.0,112446000.0,577428000.0,358601000.0,5254860000.0,-1554000000.0,889000000.0,-37000000.0,0,969000000.0,1193000000.0,127.879997,103.25,66.110001,59.93,51.16,19.24,268.769989,225.240005,201.020004,205.429993,182.919998,146.059998,48.400002
12418566000.0,23068131000.0,89817000.0,1277112000.0,1113828000.0,3103509000.0,-37969000.0,1513817000.0,-996766000.0,0,2024547000.0,3217308000.0,119.739998,106.550003,112.660004,99.360001,76.199997,66.410004,321.859985,249.919998,268.769989,225.240005,201.020004,205.429993,139.509995
12892653000.0,23766695000.0,126700000.0,1388874000.0,909688000.0,1319162000.0,122041000.0,1385324000.0,-930782000.0,0,1981474000.0,3079457000.0,106.550003,112.660004,99.360001,76.199997,66.410004,49.470001,249.919998,268.769989,225.240005,201.020004,205.429993,182.919998,139.509995
10300993000.0,21404345000.0,51000.0,1402480000.0,878094000.0,2857626000.0,-8855000.0,1023305000.0,-715209000.0,0,1588833000.0,2483444000.0,112.660004,99.360001,76.199997,66.410004,49.470001,68.760002,268.769989,225.240005,201.020004,205.429993,182.919998,146.059998,139.509995
102137000000.0,113996000000.0,6924000000.0,76237000000.0,100519000000.0,10370000000.0,-8181000000.0,6196000000.0,-573000000.0,0,7819000000.0,8228000000.0,84.82,58.98,76.910004,72.730003,52.709999,65.360001,321.859985,249.919998,268.769989,225.240005,201.020004,205.429993,90.529999
98423000000.0,109553000000.0,13299000000.0,71051000000.0,103580000000.0,9724000000.0,1758000000.0,5191000000.0,-552000000.0,0,7324000000.0,7674000000.0,58.98,76.910004,72.730003,52.709999,65.360001,55.360001,249.919998,268.769989,225.240005,201.020004,205.429993,182.919998,90.529999
89195000000.0,100087000000.0,13306000000.0,62690000000.0,95838000000.0,9564000000.0,1378000000.0,5208000000.0,-527000000.0,0,7003000000.0,7318000000.0,76.910004,72.730003,52.709999,65.360001,55.360001,39.529999,268.769989,225.240005,201.020004,205.429993,182.919998,146.059998,90.529999
16122584000.0,22825084000.0,240320000.0,4543005000.0,5177868000.0,1163905000.0,4833000.0,2237998000.0,-327568000.0,0,8489061000.0,27753973000.0,153.410004,115.43,103.120003,73.82,76.349998,67.010002,321.730011,269.929993,281.899994,227.529999,193.649994,201.919998,194.610001
6786645000.0,13204038000.0,235487000.0,3015857000.0,4663020000.0,878587000.0,-31954000.0,2143550000.0,-306523000.0,0,7803870000.0,25625043000.0,115.040001,102.279999,73.389999,76.339996,67.010002,55.509998,270.059998,281.579987,227.619995,190.160004,201.919998,174.169998,194.610001
6391137000.0,12516911000.0,267441000.0,2964878000.0,4247852000.0,586757000.0,79526000.0,1802108000.0,-282931000.0,0,7221359000.0,23470967000.0,99.440002,73.5,75.099998,68.510002,55.509998,45.52,275.450012,227.770004,191.300003,204.839996,174.169998,149.539993,194.610001
69790000000.0,103823000000.0,135000000.0,9940000000.0,6096000000.0,21527000000.0,-122000000.0,5204000000.0,-2983000000.0,0,6426000000.0,14401000000.0,82.82,71.459999,80.279999,76.25,67.470001,77.489998,321.859985,249.919998,268.769989,225.240005,201.020004,205.429993,75.199997
55866000000.0,77914000000.0,268000000.0,7647000000.0,5161000000.0,13027000000.0,206000000.0,4773000000.0,-2185000000.0,0,5108000000.0,11199000000.0,71.459999,80.279999,76.25,67.470001,77.489998,63.580002,249.919998,268.769989,225.240005,201.020004,205.429993,182.919998,75.199997
57215000000.0,76585000000.0,120000000.0,9636000000.0,4334000000.0,10052000000.0,-137000000.0,4502000000.0,-1931000000.0,0,6378000000.0,12586000000.0,80.279999,76.25,67.470001,77.489998,63.580002,52.919998,268.769989,225.240005,201.020004,205.429993,182.919998,146.059998,75.199997
4797851000.0,1382092000.0,190615000.0,453831000.0,787617000.0,-3505292000.0,246505000.0,496950000.0,-105715000.0,0,1011700000.0,3618774000.0,293.25,247.990005,188.960007,162.360001,111.510002,94.919998,321.079987,249.919998,266.859985,224.350006,205.929993,207.600006,379.5
3947306000.0,907385000.0,25438000.0,379743000.0,566951000.0,-3118649000.0,-17427000.0,394171000.0,-92166000.0,0,944153000.0,3432867000.0,247.990005,186.940002,159.240005,111.25,94.169998,69.650002,249.919998,268.769989,223.529999,203.869995,205.539993,184.690002,379.5
3572137000.0,836753000.0,35768000.0,398285000.0,579780000.0,-2803630000.0,60444000.0,341261000.0,-84298000.0,0,865991000.0,2787979000.0,186.940002,158.360001,109.230003,94.290001,68.940002,45.48,268.769989,225.240005,201.020004,205.429993,182.919998,146.059998,379.5
5636817000.0,8669477000.0,397253000.0,1748091000.0,2548430000.0,-1805701000.0,1032000.0,945306000.0,-282197000.0,140957000.0,2629848000.0,7136397000.0,115.260002,70.949997,82.140549,61.728596,49.789986,58.142166,321.859985,249.919998,268.769989,225.240005,201.020004,205.429993,126.25
5597105000.0,8365771000.0,396221000.0,1827421000.0,2503754000.0,-2042918000.0,-357743000.0,798635000.0,-283570000.0,143033000.0,2576477000.0,6992118000.0,70.949997,82.140549,61.728596,49.789986,58.142166,63.849468,249.919998,268.769989,225.240005,201.020004,205.429993,182.919998,126.25
6275179000.0,10658359000.0,753964000.0,2141978000.0,2790147000.0,-585816000.0,404818000.0,835634000.0,-283959000.0,143033000.0,2545705000.0,6820886000.0,82.140549,61.728596,49.789986,58.142166,63.849468,45.073368,268.769989,225.240005,201.020004,205.429993,182.919998,146.059998,126.25
